#S 13535 ascan omega 14.9659 15.0059 40 0.5
#U p23user
#D Sun Jun 13 12:18:42 2021
#C Acquisition started at Sun Jun 13 12:18:42 2021
#O0 atten  attenpos  avg_beamcurrent  dcm_exitoffset  dcmbragg  diffractometer_h  diffractometer_k  diffractometer_l
#O1 gx  gy  gz  lmbd_compressionrate  lmbd_delaytime  lmbd_depth  lmbd_distortioncorrection  lmbd_energythreshold
#O2 lmbd_filestartnum  lmbd_framenumbers  lmbd_framesperfile  lmbd_height  lmbd_latestimagenumber  lmbd_shuttertime  lmbd_shuttertimemax  lmbd_shuttertimemin
#O3 lmbd_threadno  lmbd_totallossframes  lmbd_triggermode  lmbd_width  mnchrmtr  mono1roll  mono2par  mono2perp
#O4 mono2pitch  mono2roll  mono_height  monotrans  monoyaw  monoz1  monoz2  monoz3
#O5 ohsl1b  ohsl1h  ohsl1hgap  ohsl1l  ohsl1r  ohsl1t  ohsl1v  ohsl1vgap
#O6 ohsl2b  ohsl2h  ohsl2hgap  ohsl2l  ohsl2r  ohsl2t  ohsl2v  ohsl2vgap
#O7 phi  ps1v  ps1vg  ps2l  ps2r  ps2v  ps2vg  sl3b
#O8 sl3h  sl3hgap  sl3l  sl3r  sl3t  sl3v  sl3vgap  sl4b
#O9 sl4h  sl4hgap  sl4l  sl4r  sl4t  sl4v  sl4vgap  source_energy
#O10 und_en  undulator_gap  undulator_harmonic  undulator_phase  undulator_taper
#P0 1.0 0.0 94.6586685180664 20.7 23.69877100709685 0.9999999905688323 4.433987347776106e-08 8.994568095016842e-05
#P1 -0.8900000000000006 -3.0 -0.71798828125 2 0.0 24 1 2300.0
#P2 0 1 1 516 -1 1000.0 2147483647.0 0.0
#P3 0 0 0 1556 4919.001527542866 0.0 25.750874999999994 11.24025
#P4 0.06485081585081587 0.0295 3.906075 -21.0 -0.01 3.906075 3.9 3.9
#P5 19.95 0.60665 2.0 1.6066500000000001 -0.3933500000000001 22.95 21.45 3.0
#P6 19.45 -10.084000000000001 3.9999999999999964 -8.084000000000003 -12.084 23.450000000000003 21.450000000000003 4.0000000000000036
#P7 -0.160000000000025 0.38572000000000006 1.0 1.7031499999999995 0.4837600000000002 0.38651499999999994 0.8000000000000007 -0.09999999999999787
#P8 3.552713678800501e-15 0.20000000000000995 0.10000000000000853 -0.10000000000000142 0.09999999999999432 -1.7763568394002505e-15 0.19999999999999218 -2.043199999999999
#P9 -0.5645000000000024 4.0 1.4354999999999976 -2.5645000000000024 1.9567999999999977 -0.04320000000000057 3.9999999999999964 6.083469867706299
#P10 4868.79052734375 14.760000228881836 1 0.0 0.0
#N 13
#L Pt_No  omega  eh_c01  eh_t01  sl_mon_b_vol  sl_mon_t_vol  lmbd_countsroi1  lmbd_countsroi1_atten  lmbd_countsroi2  lmbd_countsroi2_atten  lmbd_countsroi3  lmbd_countsroi3_atten  dt
0 14.966350000000006 7072.0 0.5 0.036640625 0.030703125 36.0 36.0 516.0 516.0 228.0 228.0 0.5387022495269775
1 14.967387500000001 6877.0 0.5 0.033984375000000004 0.031328125 27.0 27.0 304.0 304.0 188.0 188.0 1.131887435913086
2 14.968421875000004 7013.0 0.5 0.03421875 0.03078125 33.0 33.0 284.0 284.0 171.0 171.0 1.6675288677215576
3 14.969550000000005 6928.0 0.5 0.03515625 0.032578125 44.0 44.0 280.0 280.0 164.0 164.0 2.2246131896972656
4 14.970550000000003 7024.0 0.5 0.033203125 0.032109375 49.0 49.0 330.0 330.0 206.0 206.0 2.779817581176758
5 14.971934375000004 6891.0 0.5 0.034453125 0.032421875 67.0 67.0 314.0 314.0 190.0 190.0 3.4635324478149414
6 14.973025000000007 7066.0 0.5 0.032734375 0.031171875 93.0 93.0 373.0 373.0 191.0 191.0 4.073922634124756
7 14.974115625000003 6929.0 0.5 0.03390625 0.032578125 115.0 115.0 392.0 392.0 213.0 213.0 4.652980327606201
8 14.975396875000008 7025.0 0.5 0.033984375000000004 0.03265625 142.0 142.0 424.0 424.0 186.0 186.0 5.320682048797607
9 14.976671875000008 6980.0 0.5 0.033203125 0.033125 177.0 177.0 492.0 492.0 224.0 224.0 5.959849119186401
10 14.977775000000001 7009.0 0.5 0.03375 0.032578125 277.0 277.0 621.0 621.0 185.0 185.0 6.561712265014648
11 14.978884375000007 6962.0 0.5 0.0328125 0.03375 487.0 487.0 873.0 873.0 214.0 214.0 7.154357671737671
12 14.980178125000002 7107.0 0.5 0.03390625 0.032578125 1019.0 1019.0 1610.0 1610.0 204.0 204.0 7.813511610031128
13 14.981262500000007 7091.0 0.5 0.032890625 0.031640625 1112.0 1112.0 1572.0 1572.0 169.0 169.0 8.415724992752075
14 14.982493750000003 6946.0 0.5 0.033984375000000004 0.033359375000000004 1263.0 1263.0 1653.0 1653.0 235.0 235.0 9.013360977172852
15 14.9836125 6968.0 0.5 0.0334375 0.03390625 2036.0 2036.0 2431.0 2431.0 191.0 191.0 9.61570405960083
16 14.984718750000006 7032.0 0.5 0.03421875 0.031640625 3058.0 3058.0 3368.0 3368.0 198.0 198.0 10.152466535568237
17 14.985715625000005 7024.0 0.5 0.0340625 0.032578125 3179.0 3179.0 3518.0 3518.0 185.0 185.0 10.739718437194824
18 14.986909375000003 6888.0 0.5 0.03421875 0.0321875 2398.0 2398.0 2621.0 2621.0 194.0 194.0 11.336036443710327
19 14.98812812500001 6962.0 0.5 0.033984375000000004 0.0334375 1303.0 1303.0 1538.0 1538.0 193.0 193.0 11.965109825134277
20 14.989340625000004 7071.0 0.5 0.032265625 0.03359375 857.0 857.0 1115.0 1115.0 193.0 193.0 12.610222578048706
21 14.990443750000011 7095.0 0.5 0.03375 0.03296875 568.0 568.0 815.0 815.0 164.0 164.0 13.18564748764038
22 14.991656250000005 6897.0 0.5 0.03 0.0340625 371.0 371.0 567.0 567.0 188.0 188.0 13.808479309082031
23 14.992696875000007 6847.0 0.5 0.032578125 0.033984375000000004 272.0 272.0 517.0 517.0 189.0 189.0 14.372657775878906
24 14.993821875000002 6949.0 0.5 0.033515625 0.03484375 213.0 213.0 397.0 397.0 193.0 193.0 14.989532470703125
25 14.995006250000003 6860.0 0.5 0.034296875 0.03359375 150.0 150.0 325.0 325.0 190.0 190.0 15.567631244659424
26 14.996115625000002 6949.0 0.5 0.032734375 0.03390625 145.0 145.0 320.0 320.0 182.0 182.0 16.150699853897095
27 14.997221875000008 6886.0 0.5 0.03234375 0.031171875 127.0 127.0 316.0 316.0 185.0 185.0 16.723647356033325
28 14.998403125000003 6869.0 0.5 0.033515625 0.0315625 94.0 94.0 286.0 286.0 212.0 212.0 17.329235076904297
29 14.999415625000005 7050.0 0.5 0.0325 0.032421875 89.0 89.0 248.0 248.0 209.0 209.0 17.8602192401886
30 15.000612500000003 6952.0 0.5 0.034140625 0.032890625 86.0 86.0 265.0 265.0 229.0 229.0 18.47458028793335
31 15.001800000000003 7081.0 0.5 0.03265625 0.033359375000000004 68.0 68.0 255.0 255.0 157.0 157.0 19.119316339492798
32 15.002809375000005 6903.0 0.5 0.0328125 0.03265625 55.0 55.0 226.0 226.0 196.0 196.0 19.68357276916504
33 15.004012500000002 6929.0 0.5 0.033828125 0.0346875 59.0 59.0 233.0 233.0 185.0 185.0 20.28488516807556
34 15.005309375000003 7047.0 0.5 0.032890625 0.0315625 54.0 54.0 264.0 264.0 247.0 247.0 20.958035945892334
35 15.005956250000004 6948.0 0.5 0.0321875 0.033125 42.0 42.0 226.0 226.0 152.0 152.0 21.50594663619995
