#S 13529 ascan omega 14.7819 14.8219 40 0.5
#U p23user
#D Sun Jun 13 12:05:47 2021
#C Acquisition started at Sun Jun 13 12:05:47 2021
#O0 atten  attenpos  avg_beamcurrent  dcm_exitoffset  dcmbragg  diffractometer_h  diffractometer_k  diffractometer_l
#O1 gx  gy  gz  lmbd_compressionrate  lmbd_delaytime  lmbd_depth  lmbd_distortioncorrection  lmbd_energythreshold
#O2 lmbd_filestartnum  lmbd_framenumbers  lmbd_framesperfile  lmbd_height  lmbd_latestimagenumber  lmbd_shuttertime  lmbd_shuttertimemax  lmbd_shuttertimemin
#O3 lmbd_threadno  lmbd_totallossframes  lmbd_triggermode  lmbd_width  mnchrmtr  mono1roll  mono2par  mono2perp
#O4 mono2pitch  mono2roll  mono_height  monotrans  monoyaw  monoz1  monoz2  monoz3
#O5 ohsl1b  ohsl1h  ohsl1hgap  ohsl1l  ohsl1r  ohsl1t  ohsl1v  ohsl1vgap
#O6 ohsl2b  ohsl2h  ohsl2hgap  ohsl2l  ohsl2r  ohsl2t  ohsl2v  ohsl2vgap
#O7 phi  ps1v  ps1vg  ps2l  ps2r  ps2v  ps2vg  sl3b
#O8 sl3h  sl3hgap  sl3l  sl3r  sl3t  sl3v  sl3vgap  sl4b
#O9 sl4h  sl4hgap  sl4l  sl4r  sl4t  sl4v  sl4vgap  source_energy
#O10 und_en  undulator_gap  undulator_harmonic  undulator_phase  undulator_taper
#P0 57.59165540416332 10.0 94.13961029052734 20.7 23.39605640154436 0.9999994823173759 3.2107702761282503e-16 2.3710303577562465e-16
#P1 -0.8900000000000006 -3.0 -0.71798828125 2 0.0 24 1 2300.0
#P2 0 1 1 516 -1 1000.0 2147483647.0 0.0
#P3 0 0 0 1556 4979.000206320353 0.0 26.064999999999998 11.213499999999998
#P4 0.06485081585081587 0.0295 3.906075 -21.0 -0.01 3.906075 3.9 3.9
#P5 19.95 0.60665 2.0 1.6066500000000001 -0.3933500000000001 22.95 21.45 3.0
#P6 19.45 -10.084000000000001 3.9999999999999964 -8.084000000000003 -12.084 23.450000000000003 21.450000000000003 4.0000000000000036
#P7 0.0 0.38572000000000006 1.0 1.7031499999999995 0.4837600000000002 0.38651499999999994 0.8000000000000007 -0.09999999999999787
#P8 3.552713678800501e-15 0.20000000000000995 0.10000000000000853 -0.10000000000000142 0.09999999999999432 -1.7763568394002505e-15 0.19999999999999218 -2.043199999999999
#P9 -0.5645000000000024 4.0 1.4354999999999976 -2.5645000000000024 1.9567999999999977 -0.04320000000000057 3.9999999999999964 6.083441734313965
#P10 4928.421875 14.866000175476074 1 0.0 0.0
#N 13
#L Pt_No  omega  eh_c01  eh_t01  sl_mon_b_vol  sl_mon_t_vol  lmbd_countsroi1  lmbd_countsroi1_atten  lmbd_countsroi2  lmbd_countsroi2_atten  lmbd_countsroi3  lmbd_countsroi3_atten  dt
0 14.782321875000008 8088.0 0.5 0.033125 0.034453125 7.0 403.1432567003512 157.0 9041.927328850734 67.0 3858.656885560504 0.54349684715271
1 14.783434375000006 8094.0 0.5 0.035 0.035312500000000004 3.0 172.77532382737863 72.0 4146.607771857087 54.0 3109.9558288928156 1.1371281147003174
2 14.784446875000008 8151.0 0.5 0.034140625 0.035 6.0 345.5513628860153 41.0 2361.267646387771 55.0 3167.5541597884735 1.7091236114501953
3 14.78545937500001 8189.0 0.5 0.031406250000000004 0.0340625 12.0 691.1041562375075 62.0 3570.704807227122 55.0 3167.560716088576 2.255958080291748
4 14.786646875000002 8215.0 0.5 0.032734375 0.0340625 16.0 921.4703010293741 74.0 4261.800142260855 60.0 3455.513628860153 2.8878862857818604
5 14.787818750000007 8234.0 0.5 0.03390625 0.036015625 17.0 979.0611815989039 80.0 4607.346736936019 54.0 3109.9590474318125 3.5031321048736572
6 14.789003125000008 8196.0 0.5 0.03328125 0.034375 31.0 1785.3450128829127 114.0 6565.462305440388 58.0 3340.3229273293205 4.063893795013428
7 14.790206250000004 8209.0 0.5 0.034296875 0.033984375000000004 33.0 1900.5285621011649 106.0 6104.7281085673785 49.0 2821.9969558471844 4.745605230331421
8 14.7914375 8303.0 0.5 0.032734375 0.035234375 85.0 4895.30590799452 184.0 10596.897494952842 49.0 2821.9998763733115 5.341714382171631
9 14.792453125000002 8230.0 0.5 0.034609375 0.033359375000000004 299.0 17219.99407169295 518.0 29832.631870023237 58.0 3340.33329818793 5.900399923324585
10 14.79366562500001 8206.0 0.5 0.035625000000000004 0.0346875 378.0 21769.668272500083 574.0 33057.64441379642 68.0 3916.2366204497503 6.546345949172974
11 14.794878125000004 8093.0 0.5 0.033671875000000004 0.03328125 228.0 13130.992557955764 301.0 17335.21385940651 58.0 3340.3402121115537 7.185957193374634
12 14.79608125 8211.0 0.5 0.033828125 0.0340625 145.0 8350.85917269683 197.0 11345.65004842259 57.0 3282.7515368532368 7.786260366439819
13 14.79728750000001 8088.0 0.5 0.034453125 0.035234375 121.0 6968.626363461026 155.0 8926.752779640157 50.0 2879.5976708516637 8.393647193908691
14 14.798478125000003 8155.0 0.5 0.03484375 0.035234375 189.0 10884.867930909482 298.0 17162.384356672093 50.0 2879.594690716794 9.021411895751953
15 14.799565625000007 8280.0 0.5 0.034765625 0.033046875 120.0 6911.020105404028 175.0 10078.57098704754 41.0 2361.2652026797095 9.604481220245361
16 14.800665625000008 8164.0 0.5 0.034375 0.032734375 87.0 5010.4947618472215 203.0 11691.154444310185 85.0 4895.31097421855 10.209192514419556
17 14.801856250000007 8168.0 0.5 0.036953125 0.03515625 66.0 3801.0728593062913 164.0 9445.090135245935 38.0 2188.496494752107 10.801843166351318
18 14.803056250000004 8205.0 0.5 0.03453125 0.0328125 38.0 2188.4919649447634 85.0 4895.31097421855 35.0 2015.716283501756 11.404128313064575
19 14.804268750000006 8139.0 0.5 0.035312500000000004 0.033828125 20.0 1151.8390683406656 136.0 7832.505664716526 45.0 2591.6379037664974 12.034589052200317
20 14.805278125000008 8223.0 0.5 0.033125 0.034453125 15.0 863.8801952968844 72.0 4146.624937425045 43.0 2476.4565598510685 12.58899188041687
21 14.806293750000009 8166.0 0.5 0.033671875000000004 0.035390625 14.0 806.2873478384658 62.0 3570.701111856063 53.0 3052.3735311027635 13.15483283996582
22 14.807518750000007 8357.0 0.5 0.033359375000000004 0.03578125 10.0 575.9177460912621 59.0 3397.9147019384463 38.0 2188.487435146796 13.734969854354858
23 14.808637500000003 8198.0 0.5 0.034375 0.035937500000000004 18.0 1036.6519429642717 58.0 3340.3229273293205 52.0 2994.772279674563 14.356595277786255
24 14.809831250000002 8272.0 0.5 0.033125 0.03515625 8.0 460.7337200529118 42.0 2418.852030277787 52.0 2994.7691803439266 14.97467827796936
25 14.810912500000008 8216.0 0.5 0.03359375 0.03359375 12.0 691.1020105404027 67.0 3858.6528921839154 59.0 3397.918218490314 15.54695463180542
26 14.812115625000004 8134.0 0.5 0.035625000000000004 0.036640625 12.0 691.1041562375075 37.0 2130.9044817323147 46.0 2649.232598910445 16.182997703552246
27 14.813309375000003 8135.0 0.5 0.034609375 0.034375 5.0 287.95917105850117 65.0 3743.469223760515 61.0 3513.101886913714 16.788793325424194
28 14.814515625000006 8049.0 0.5 0.034921875 0.03328125 11.0 633.5108319576947 137.0 7890.089452564016 49.0 2822.002796902458 17.39207148551941
29 14.815512500000004 8182.0 0.5 0.03484375 0.034296875 6.0 345.55064765475726 43.0 2476.4463081924273 65.0 3743.465349593204 17.96922516822815
30 14.816703125000004 8261.0 0.5 0.035 0.03390625 7.0 403.1424222638835 110.0 6335.095207003883 52.0 2994.772279674563 18.56573796272278
31 14.817896875000002 8214.0 0.5 0.03484375 0.035703125 6.0 345.55172050219966 61.0 3513.1091584390297 57.0 3282.741344770897 19.179080963134766
32 14.819100000000006 8151.0 0.5 0.034921875 0.034609375 4.0 230.36733684680092 59.0 3397.918218490314 68.0 3916.2447263956155 19.80769395828247
33 14.82010312500001 8112.0 0.5 0.035937500000000004 0.034375 8.0 460.73515051468706 134.0 7717.313771121008 65.0 3743.4730979318324 20.382081747055054
34 14.821318750000003 8257.0 0.5 0.035 0.033984375000000004 6.0 345.54993242497994 33.0 1900.5246283373895 55.0 3167.5410472289827 21.017411708831787
35 14.822000000000003 8236.0 0.5 0.0365625 0.035234375 6.0 345.55100527020136 97.0 5586.407918534923 55.0 3167.5508816435126 21.65087652206421
