#S 13555 ascan omega 14.9030 14.9430 40 0.5
#U p23user
#D Sun Jun 13 12:31:39 2021
#C Acquisition started at Sun Jun 13 12:31:39 2021
#O0 atten  attenpos  avg_beamcurrent  dcm_exitoffset  dcmbragg  diffractometer_h  diffractometer_k  diffractometer_l
#O1 gx  gy  gz  lmbd_compressionrate  lmbd_delaytime  lmbd_depth  lmbd_distortioncorrection  lmbd_energythreshold
#O2 lmbd_filestartnum  lmbd_framenumbers  lmbd_framesperfile  lmbd_height  lmbd_latestimagenumber  lmbd_shuttertime  lmbd_shuttertimemax  lmbd_shuttertimemin
#O3 lmbd_threadno  lmbd_totallossframes  lmbd_triggermode  lmbd_width  mnchrmtr  mono1roll  mono2par  mono2perp
#O4 mono2pitch  mono2roll  mono_height  monotrans  monoyaw  monoz1  monoz2  monoz3
#O5 ohsl1b  ohsl1h  ohsl1hgap  ohsl1l  ohsl1r  ohsl1t  ohsl1v  ohsl1vgap
#O6 ohsl2b  ohsl2h  ohsl2hgap  ohsl2l  ohsl2r  ohsl2t  ohsl2v  ohsl2vgap
#O7 phi  ps1v  ps1vg  ps2l  ps2r  ps2v  ps2vg  sl3b
#O8 sl3h  sl3hgap  sl3l  sl3r  sl3t  sl3v  sl3vgap  sl4b
#O9 sl4h  sl4hgap  sl4l  sl4r  sl4t  sl4v  sl4vgap  source_energy
#O10 und_en  undulator_gap  undulator_harmonic  undulator_phase  undulator_taper
#P0 1.0 0.0 94.66703033447266 20.7 23.596970440218104 1.0000010147845921 4.433989353519603e-08 8.994570480194355e-05
#P1 -0.8900000000000006 -3.0 -0.71798828125 2 0.0 24 1 2300.0
#P2 0 1 1 516 -1 1000.0 2147483647.0 0.0
#P3 0 0 0 1556 4939.001287861349 0.0 25.85556249999999 11.231218749999998
#P4 0.06485081585081587 0.0295 3.906075 -21.0 -0.01 3.906075 3.9 3.9
#P5 19.95 0.60665 2.0 1.6066500000000001 -0.3933500000000001 22.95 21.45 3.0
#P6 19.45 -10.084000000000001 3.9999999999999964 -8.084000000000003 -12.084 23.450000000000003 21.450000000000003 4.0000000000000036
#P7 -0.160000000000025 0.38572000000000006 1.0 1.7031499999999995 0.4837600000000002 0.38651499999999994 0.8000000000000007 -0.09999999999999787
#P8 3.552713678800501e-15 0.20000000000000995 0.10000000000000853 -0.10000000000000142 0.09999999999999432 -1.7763568394002505e-15 0.19999999999999218 -2.043199999999999
#P9 -0.5645000000000024 4.0 1.4354999999999976 -2.5645000000000024 1.9567999999999977 -0.04320000000000057 3.9999999999999964 6.083441734313965
#P10 4889.03076171875 14.795999526977539 1 0.0 0.0
#N 13
#L Pt_No  omega  eh_c01  eh_t01  sl_mon_b_vol  sl_mon_t_vol  lmbd_countsroi1  lmbd_countsroi1_atten  lmbd_countsroi2  lmbd_countsroi2_atten  lmbd_countsroi3  lmbd_countsroi3_atten  dt
0 14.903406250000003 7314.0 0.5 0.032109375 0.031171875 1474.0 1474.0 5742.0 5742.0 240.0 240.0 0.5344958305358887
1 14.904443750000006 7310.0 0.5 0.034140625 0.032265625 1719.0 1719.0 6008.0 6008.0 207.0 207.0 1.129612922668457
2 14.905534375000002 7352.0 0.5 0.032265625 0.0334375 2151.0 2151.0 6719.0 6719.0 192.0 192.0 1.6691086292266846
3 14.90653125 7155.0 0.5 0.034609375 0.034453125 2766.0 2766.0 7675.0 7675.0 207.0 207.0 2.2449052333831787
4 14.907731250000005 7485.0 0.5 0.033125 0.033125 3256.0 3256.0 8624.0 8624.0 221.0 221.0 2.8225297927856445
5 14.908940625000007 7293.0 0.5 0.031875 0.033515625 4193.0 4193.0 10013.0 10013.0 203.0 203.0 3.476595878601074
6 14.910062500000002 7573.0 0.5 0.032890625 0.032734375 5098.0 5098.0 11207.0 11207.0 204.0 204.0 4.058650493621826
7 14.911162500000003 7297.0 0.5 0.03296875 0.03234375 6689.0 6689.0 13497.0 13497.0 228.0 228.0 4.6459643840789795
8 14.912346875000004 7295.0 0.5 0.034609375 0.033515625 8840.0 8840.0 16283.0 16283.0 236.0 236.0 5.229663610458374
9 14.913546875000002 7419.0 0.5 0.033046875 0.03390625 12239.0 12239.0 20521.0 20521.0 179.0 179.0 5.884450912475586
10 14.914662500000006 7206.0 0.5 0.033203125 0.033125 16683.0 16683.0 26040.0 26040.0 254.0 254.0 6.476003885269165
11 14.915765625000006 7383.0 0.5 0.033359375000000004 0.033515625 24178.0 24178.0 34838.0 34838.0 225.0 225.0 7.043474197387695
12 14.916865625000007 7346.0 0.5 0.0334375 0.034375 36861.0 36861.0 48235.0 48235.0 193.0 193.0 7.629541397094727
13 14.917962500000002 7261.0 0.5 0.034453125 0.0325 59390.0 59390.0 71772.0 71772.0 198.0 198.0 8.215020656585693
14 14.919084375000011 7378.0 0.5 0.03453125 0.034765625 99778.0 99778.0 111475.0 111475.0 193.0 193.0 8.788865566253662
15 14.920125000000006 7249.0 0.5 0.03359375 0.034140625 151588.0 151588.0 161431.0 161431.0 194.0 194.0 9.321819305419922
16 14.921231250000005 7449.0 0.5 0.033515625 0.0325 193539.0 193539.0 200991.0 200991.0 216.0 216.0 9.880002975463867
17 14.922231250000003 7369.0 0.5 0.033046875 0.033671875000000004 178173.0 178173.0 183345.0 183345.0 213.0 213.0 10.44058084487915
18 14.923456250000008 7319.0 0.5 0.03390625 0.033671875000000004 117851.0 117851.0 121752.0 121752.0 197.0 197.0 11.0659019947052
19 14.924850000000006 7367.0 0.5 0.03375 0.031875 66309.0 66309.0 69373.0 69373.0 170.0 170.0 11.771785020828247
20 14.926046875000004 7397.0 0.5 0.033359375000000004 0.03375 39925.0 39925.0 42545.0 42545.0 207.0 207.0 12.46454668045044
21 14.927253125 7334.0 0.5 0.034140625 0.0321875 27864.0 27864.0 30110.0 30110.0 201.0 201.0 13.05225133895874
22 14.928368750000004 7465.0 0.5 0.0328125 0.03359375 20142.0 20142.0 22221.0 22221.0 258.0 258.0 13.63709282875061
23 14.929468750000005 7395.0 0.5 0.034765625 0.0334375 15444.0 15444.0 17328.0 17328.0 231.0 231.0 14.207797288894653
24 14.930656250000006 7316.0 0.5 0.034765625 0.03375 12147.0 12147.0 13819.0 13819.0 190.0 190.0 14.818836212158203
25 14.931765625000011 7260.0 0.5 0.031718750000000004 0.034609375 9657.0 9657.0 11145.0 11145.0 226.0 226.0 15.41445016860962
26 14.932881250000008 7384.0 0.5 0.032109375 0.034453125 8061.0 8061.0 9483.0 9483.0 200.0 200.0 16.015937566757202
27 14.934075000000007 7404.0 0.5 0.031015625 0.033515625 6927.0 6927.0 8326.0 8326.0 209.0 209.0 16.5904221534729
28 14.935181250000007 7305.0 0.5 0.033203125 0.03234375 5700.0 5700.0 7081.0 7081.0 210.0 210.0 17.195042610168457
29 14.93636875 7296.0 0.5 0.035234375 0.03515625 4885.0 4885.0 6100.0 6100.0 187.0 187.0 17.820103406906128
30 14.937459375000003 7308.0 0.5 0.033515625 0.03328125 4295.0 4295.0 5529.0 5529.0 220.0 220.0 18.40442395210266
31 14.938662500000007 7347.0 0.5 0.032578125 0.03203125 3709.0 3709.0 4870.0 4870.0 207.0 207.0 18.986835956573486
32 14.939662500000004 7116.0 0.5 0.034296875 0.0315625 3349.0 3349.0 4515.0 4515.0 242.0 242.0 19.562315940856934
33 14.940768750000004 7372.0 0.5 0.036171875 0.0340625 2955.0 2955.0 4201.0 4201.0 218.0 218.0 20.12676215171814
34 14.941875000000003 7331.0 0.5 0.033515625 0.033125 2634.0 2634.0 3986.0 3986.0 202.0 202.0 20.73788595199585
35 14.942890625000011 7440.0 0.5 0.03125 0.034921875 2372.0 2372.0 3650.0 3650.0 196.0 196.0 21.394214391708374
