theta  Epoch  Ene  I0  I04  If4  If4dI0  If3  If3dI0  Seconds  Ihor3  
12.861375 92456 8986.790259 77148 -5 508 0.006584746202 188277 2.44046508 0.506 0 
12.86125 92457 8986.790259 77169 3 406 0.005261180008 188524 2.443001723 0.506 0 
12.861 92458 8986.790259 77135 1 402 0.005211641926 189599 2.458015168 0.505 0 
12.86075 92458 8986.790259 77180 -2 492 0.006374708474 191125 2.476353978 0.505 0 
12.860625 92459 8986.790259 77190 2 412 0.005337478948 192001 2.487381785 0.506 0 
12.860375 92460 8986.790259 77168 1 508 0.006583039602 193593 2.508721232 0.505 0 
12.86025 92460 8986.790259 77154 -3 393 0.005093708687 194400 2.519636053 0.506 0 
12.86 92461 8986.790259 77127 -1 417 0.005406666926 196350 2.545801081 0.505 0 
12.85975 92462 8986.790259 77165 2 479 0.006207477483 198582 2.573472429 0.506 0 
12.859625 92462 8986.790259 77107 -3 478 0.006199177766 199446 2.586613407 0.506 0 
12.859375 92463 8986.790259 77148 -3 488 0.006325504226 201654 2.613859076 0.505 0 
12.85925 92464 8986.790259 77120 -2 419 0.005433091286 203259 2.635619813 0.506 0 
12.859 92464 8986.790259 77146 2 541 0.007012677261 205603 2.665115495 0.505 0 
12.85875 92465 8986.790259 77185 4 501 0.006490898491 208430 2.700395154 0.506 0 
12.858625 92466 8986.790259 77172 0 509 0.006595656456 210005 2.721259006 0.505 0 
12.858375 92466 8986.790259 77132 0 545 0.007065809262 213224 2.764403879 0.506 0 
12.85825 92467 8986.790259 77160 0 420 0.005443234837 215216 2.789217211 0.505 0 
12.858 92468 8986.790259 77112 -1 455 0.005900508351 218517 2.833761282 0.506 0 
12.85775 92468 8986.790259 77132 0 518 0.006715759996 222239 2.88128144 0.506 0 
12.857625 92469 8986.790259 77119 3 508 0.006587222345 224043 2.905159559 0.506 0 
12.857375 92470 8986.790259 77115 1 509 0.006600531673 227847 2.954639175 0.506 0 
12.85725 92470 8986.790259 77152 -3 584 0.007569473248 229736 2.977706346 0.505 0 
12.857 92471 8986.790259 77110 -5 661 0.008572169628 233671 3.030359227 0.506 0 
12.85675 92472 8986.790259 77124 -4 610 0.007909340802 237529 3.079832478 0.505 0 
12.856625 92472 8986.790259 77127 -1 565 0.007325579888 239255 3.102091356 0.506 0 
12.856375 92473 8986.790259 77099 -2 569 0.007380121662 242810 3.149327488 0.506 0 
12.85625 92474 8986.790259 77112 -3 747 0.009687208217 244586 3.17182799 0.506 0 
12.856 92474 8986.790259 77102 5 762 0.009883012114 247742 3.213172162 0.505 0 
12.85575 92475 8986.790259 77125 -3 721 0.009348460292 250556 3.248700162 0.506 0 
12.855625 92476 8986.790259 77072 -1 753 0.009770085115 251430 3.262274237 0.505 0 
12.855375 92476 8986.790259 77056 1 935 0.01213403239 253385 3.288322778 0.506 0 
12.85525 92477 8986.790259 77072 2 1005 0.01303975503 254378 3.300524185 0.505 0 
12.855 92478 8986.790259 77105 -2 1076 0.01395499643 255348 3.311691849 0.505 0 
12.85475 92478 8986.790259 77068 4 1358 0.01762080241 256392 3.326828256 0.505 0 
12.854625 92479 8986.790259 77088 4 1406 0.01823889581 257212 3.336602325 0.506 0 
12.854375 92480 8986.790259 77080 1 1796 0.02330046705 257689 3.343137001 0.506 0 
12.85425 92480 8986.790259 77086 2 2059 0.02671042731 258164 3.349038736 0.506 0 
12.854 92481 8986.790259 77085 3 2563 0.03324901083 258262 3.350353506 0.506 0 
12.85375 92482 8986.790259 77082 0 3189 0.04137152643 258805 3.357528346 0.505 0 
12.853625 92482 8986.790259 77050 1 3725 0.04834523037 258702 3.357585983 0.505 0 
12.853375 92483 8986.790259 77078 3 5224 0.06777550014 258927 3.359285399 0.505 0 
12.85325 92484 8986.790259 77058 2 6282 0.08152300864 258535 3.355070207 0.505 0 
12.853 92484 8986.790259 77078 -1 9314 0.120838631 258647 3.355652715 0.506 0 
12.85275 92485 8986.790259 77085 -1 14706 0.1907764156 258517 3.353661542 0.505 0 
12.852625 92486 8986.790259 77063 0 18755 0.2433723058 258431 3.353502978 0.505 0 
12.852375 92486 8986.790259 77041 2 32083 0.4164405966 257776 3.345958645 0.506 0 
12.85225 92487 8986.790259 77031 4 41964 0.5447676909 257685 3.345211668 0.506 0 
12.852 92488 8986.790259 77047 1 66986 0.8694173686 256509 3.329253572 0.506 0 
12.85175 92488 8986.790259 77088 1 97556 1.265514736 255699 3.316975405 0.506 0 
12.851625 92489 8986.790259 77035 -3 113322 1.471045629 254536 3.304160447 0.506 0 
12.851375 92490 8986.790259 77055 -1 144596 1.876529751 252315 3.274479268 0.506 0 
12.85125 92490 8986.790259 77012 2 158066 2.052485327 251059 3.259998442 0.506 0 
12.851 92491 8986.790259 76997 3 173643 2.255191761 249644 3.242256192 0.506 0 
12.85075 92492 8986.790259 77035 0 176634 2.292905822 250306 3.249250341 0.506 0 
12.850625 92492 8986.790259 77046 3 173400 2.250603536 252100 3.27207123 0.506 0 
12.850375 92493 8986.790259 77035 1 155903 2.023794379 254678 3.306003765 0.505 0 
12.85025 92494 8986.790259 77025 -1 142688 1.852489451 255521 3.317377475 0.506 0 
12.85 92494 8986.790259 77029 0 114206 1.48263641 256217 3.326240766 0.506 0 
12.84975 92495 8986.790259 77015 0 83567 1.085074336 254356 3.302681296 0.505 0 
12.849625 92496 8986.790259 76980 0 69142 0.8981813458 253009 3.286684853 0.506 0 
12.849375 92496 8986.790259 77021 0 43219 0.5611326781 250378 3.250775762 0.506 0 
12.84925 92497 8986.790259 77040 3 33136 0.4301142264 248880 3.230529595 0.505 0 
12.849 92498 8986.790259 77025 -1 20003 0.2596949043 245953 3.193158066 0.506 0 
12.84875 92498 8986.790259 77012 1 12970 0.1684153119 243028 3.155715992 0.506 0 
12.848625 92499 8986.790259 77004 1 10802 0.1402784271 241847 3.140706976 0.506 0 
12.848375 92500 8986.790259 77000 1 7863 0.1021168831 238767 3.10087013 0.505 0 
12.84825 92500 8986.790259 76964 6 6929 0.09002910452 237615 3.087352528 0.507 0 
12.848 92501 8986.790259 76999 3 5572 0.07236457616 233872 3.037338147 0.506 0 
12.84775 92502 8986.790259 77012 1 4594 0.05965304108 230496 2.992988106 0.506 0 
12.847625 92502 8986.790259 76994 -3 4187 0.05438086085 228876 2.972647219 0.505 0 
12.847375 92503 8986.790259 77011 -1 3545 0.04603238498 225348 2.926179377 0.506 0 
12.84725 92504 8986.790259 76958 2 3179 0.04130824606 223290 2.90145274 0.506 0 
12.847 92504 8986.790259 76989 -1 2805 0.03643377625 219303 2.848497837 0.506 0 
12.84675 92505 8986.790259 77024 4 2522 0.03274304113 215662 2.799932489 0.505 0 
12.846625 92506 8986.790259 77005 -2 2301 0.02988117655 213981 2.778793585 0.506 0 
12.846375 92506 8986.790259 77002 0 2031 0.02637593829 210251 2.730461546 0.505 0 
12.84625 92507 8986.790259 76977 0 1908 0.02478662458 208244 2.705275602 0.505 0 
12.846 92508 8986.790259 76953 1 1744 0.02266318402 204578 2.658479851 0.506 0 
12.84575 92508 8986.790259 76958 1 1503 0.01953013332 201328 2.616076301 0.506 0 
12.845625 92509 8986.790259 76975 3 1299 0.01687560896 199753 2.59503735 0.506 0 
12.845375 92510 8986.790259 76937 -4 1197 0.01555818397 197045 2.561121437 0.505 0 
12.84525 92511 8986.790259 76951 -2 1158 0.01504853738 195642 2.5424231 0.506 0 
12.845 92511 8986.790259 76936 1 1042 0.01354372465 193669 2.517274098 0.505 0 
12.84475 92512 8986.790259 76915 1 823 0.01070012351 191735 2.492816746 0.506 0 
12.844625 92513 8986.790259 76964 0 725 0.009419988566 190943 2.48093914 0.506 0 
12.844375 92513 8986.790259 76980 -1 731 0.00949597298 189436 2.460846973 0.505 0 
12.84425 92514 8986.790259 76963 0 714 0.009277185141 188805 2.453191793 0.505 0 
12.844 92515 8986.790259 76940 2 669 0.008695087081 187847 2.441473876 0.506 0 
12.84375 92515 8986.790259 76913 3 539 0.007007918037 186851 2.429381249 0.506 0 
12.843625 92516 8986.790259 76947 0 580 0.007537655789 186538 2.424240061 0.506 0 
12.843375 92517 8986.790259 76941 1 518 0.006732431343 185776 2.414525416 0.505 0 
12.84325 92517 8986.790259 76937 -2 629 0.008175520231 185191 2.407047324 0.506 0 
12.843 92518 8986.790259 76944 -2 482 0.006264296111 184855 2.40246153 0.506 0 
12.84275 92519 8986.790259 77239 1 541 0.007004233613 185190 2.397622962 0.506 0 
12.842625 92519 8986.790259 77245 1 495 0.006408181759 184848 2.393009256 0.506 0 
12.842375 92520 8986.790259 77241 0 511 0.006615657488 184717 2.39143719 0.505 0 
12.84225 92521 8986.790259 77482 -4 588 0.007588859348 184892 2.386257453 0.505 0 
12.842 92521 8986.790259 77203 -2 459 0.005945364817 183829 2.381112133 0.505 0 
12.84175 92522 8986.790259 77468 3 475 0.006131564001 184210 2.377885062 0.505 0 
12.841625 92523 8986.790259 77888 2 518 0.006650575185 185013 2.375372329 0.505 0 
12.841375 92523 8986.790259 78020 1 624 0.007997949244 185333 2.375455012 0.506 0 

