theta  Epoch  Ene  I0  I04  If4  If4dI0  If3  If3dI0  Seconds  Ihor3  
12.848625 94043 8994.911464 81538 0 3137 0.03847285928 771349 9.459994113 0.506 0 
12.848375 94044 8994.911464 81493 1 3403 0.04175818782 771017 9.461143902 0.506 0 
12.84825 94044 8994.911464 81532 1 3339 0.04095324535 771351 9.460714811 0.506 0 
12.848 94045 8994.911464 81550 0 3373 0.04136112814 771060 9.455058246 0.506 0 
12.84775 94046 8994.911464 81592 -2 3299 0.04043288558 771061 9.450203451 0.505 0 
12.847625 94046 8994.911464 81601 0 3370 0.0412985135 771163 9.450411147 0.505 0 
12.847375 94047 8994.911464 81544 0 3459 0.04241881684 770835 9.452994702 0.505 0 
12.84725 94048 8994.911464 81545 -1 3547 0.04349745539 770985 9.454718254 0.506 0 
12.847 94048 8994.911464 81523 1 3528 0.04327613066 770687 9.453614317 0.505 0 
12.84675 94049 8994.911464 81556 -1 3552 0.04355289617 771520 9.460002943 0.505 0 
12.846625 94050 8994.911464 81529 -2 3686 0.04521090655 770916 9.45572741 0.506 0 
12.846375 94050 8994.911464 81568 -2 3801 0.04659915653 771125 9.453768635 0.505 0 
12.84625 94051 8994.911464 81512 3 3795 0.04655756208 771046 9.459294337 0.506 0 
12.846 94052 8994.911464 81514 3 3879 0.04758691758 772034 9.471182864 0.506 0 
12.84575 94052 8994.911464 81553 -3 3894 0.0477480902 770930 9.453116378 0.506 0 
12.845625 94053 8994.911464 81578 -1 4074 0.04993993479 770462 9.444482581 0.506 0 
12.845375 94054 8994.911464 81533 -4 4208 0.05161100413 771555 9.46310083 0.506 0 
12.84525 94054 8994.911464 81541 -3 4165 0.0510785985 770944 9.454679241 0.506 0 
12.845 94055 8994.911464 81523 -1 4318 0.05296664745 771286 9.460961937 0.506 0 
12.84475 94056 8994.911464 81537 3 4575 0.0561094963 771136 9.457497823 0.506 0 
12.844625 94056 8994.911464 81510 0 4633 0.05683965158 771781 9.468543737 0.506 0 
12.844375 94057 8994.911464 81510 0 4776 0.05859403754 771421 9.464127101 0.505 0 
12.84425 94058 8994.911464 81510 3 4882 0.05989449147 771484 9.464900012 0.506 0 
12.844 94058 8994.911464 81539 1 5145 0.06309863991 770951 9.454996995 0.505 0 
12.84375 94059 8994.911464 81521 -1 5522 0.06773714748 771394 9.46251886 0.506 0 
12.843625 94060 8994.911464 81520 0 5684 0.0697252208 771048 9.458390579 0.506 0 
12.843375 94060 8994.911464 81486 0 6013 0.073791817 771661 9.469859853 0.505 0 
12.84325 94061 8994.911464 81495 -1 6267 0.07690042334 771427 9.465942696 0.505 0 
12.843 94062 8994.911464 81494 -1 7005 0.08595724839 771192 9.463175203 0.505 0 
12.84275 94062 8994.911464 81516 1 7875 0.09660680112 771072 9.459149124 0.506 0 
12.842625 94063 8994.911464 81515 -3 8446 0.103612832 771598 9.465717966 0.506 0 
12.842375 94064 8994.911464 81475 0 9826 0.1206014115 771268 9.46631482 0.506 0 
12.84225 94064 8994.911464 81484 1 10567 0.1296819007 771000 9.461980266 0.505 0 
12.842 94065 8994.911464 81510 -2 12736 0.1562507668 770990 9.458839406 0.505 0 
12.84175 94066 8994.911464 81468 1 15348 0.1883929887 771317 9.467729661 0.506 0 
12.841625 94067 8994.911464 81482 -2 16734 0.2053705113 771071 9.463083871 0.506 0 
12.841375 94067 8994.911464 81464 2 20007 0.2455931454 771411 9.469348424 0.505 0 
12.84125 94068 8994.911464 81497 3 22194 0.2723290428 770873 9.458912598 0.506 0 
12.841 94069 8994.911464 81449 2 27201 0.3339635846 771135 9.467703716 0.505 0 
12.84075 94069 8994.911464 81445 2 34072 0.4183436675 770826 9.464374731 0.506 0 
12.840625 94070 8994.911464 81449 5 38226 0.4693243625 771378 9.470687178 0.506 0 
12.840375 94071 8994.911464 81485 2 49549 0.6080751058 771218 9.464539486 0.506 0 
12.84025 94071 8994.911464 81496 3 57769 0.7088568764 770636 9.456120546 0.505 0 
12.84 94072 8994.911464 81434 -2 78006 0.9579045607 770793 9.465247931 0.506 0 
12.83975 94073 8994.911464 81453 2 111603 1.370152112 770403 9.458251998 0.506 0 
12.839625 94073 8994.911464 81445 -2 134496 1.651372092 770803 9.464092332 0.506 0 
12.839375 94074 8994.911464 81488 2 204236 2.506332221 770539 9.455858531 0.506 0 
12.83925 94075 8994.911464 81454 -2 252948 3.105409188 770701 9.461794387 0.506 0 
12.839 94075 8994.911464 81483 3 383115 4.701778285 769565 9.444485353 0.505 0 
12.83875 94076 8994.911464 81456 1 542914 6.665119819 768426 9.433632882 0.506 0 
12.838625 94077 8994.911464 81433 -4 622551 7.64494738 768368 9.435585082 0.506 0 
12.838375 94077 8994.911464 81423 0 769571 9.451518613 767266 9.423209658 0.505 0 
12.83825 94078 8994.911464 81428 -3 833385 10.23462445 766141 9.40881515 0.505 0 
12.838 94079 8994.911464 81415 1 900171 11.05657434 765478 9.402174047 0.506 0 
12.83775 94079 8994.911464 81442 -3 894426 10.98236782 764742 9.390019891 0.506 0 
12.837625 94080 8994.911464 81425 2 866507 10.64178078 765079 9.396119128 0.506 0 
12.837375 94081 8994.911464 81461 -3 771553 9.471440321 765900 9.40204515 0.506 0 
12.83725 94081 8994.911464 81421 -3 709491 8.713857604 764989 9.395475369 0.505 0 
12.837 94082 8994.911464 81434 1 570641 7.00740477 765914 9.405334381 0.506 0 
12.83675 94083 8994.911464 81450 -1 424957 5.217397176 766735 9.413566605 0.506 0 
12.836625 94083 8994.911464 81393 -2 356204 4.37634686 767137 9.425097981 0.506 0 
12.836375 94084 8994.911464 81377 1 232656 2.858989641 767202 9.427749856 0.506 0 
12.83625 94085 8994.911464 81361 0 180007 2.212448225 767846 9.437519205 0.506 0 
12.836 94085 8994.911464 81409 -1 109329 1.342959624 768003 9.433883232 0.506 0 
12.83575 94086 8994.911464 81362 -1 65742 0.8080184853 769000 9.451586736 0.506 0 
12.835625 94087 8994.911464 81364 3 52883 0.6499557544 768920 9.450371172 0.506 0 
12.835375 94087 8994.911464 81341 0 36140 0.4443023813 769183 9.456276662 0.506 0 
12.83525 94088 8994.911464 81375 -1 30818 0.3787158218 768275 9.441167435 0.505 0 
12.835 94089 8994.911464 81366 1 23385 0.2874050586 769143 9.452879581 0.506 0 
12.83475 94089 8994.911464 81348 1 18443 0.2267173133 769321 9.457159365 0.506 0 
12.834625 94090 8994.911464 81356 -3 16661 0.2047912877 769388 9.457052952 0.505 0 
12.834375 94091 8994.911464 81363 2 13794 0.1695365215 769041 9.451974485 0.506 0 
12.83425 94092 8994.911464 81351 0 12650 0.1554990105 769193 9.455237182 0.506 0 
12.834 94092 8994.911464 81372 -3 10964 0.1347392223 769354 9.454775598 0.505 0 
12.83375 94093 8994.911464 81342 -2 9621 0.1182783802 769286 9.457426668 0.506 0 
12.833625 94094 8994.911464 81363 3 9079 0.1115863476 769249 9.454530929 0.505 0 
12.833375 94094 8994.911464 81363 0 8140 0.1000454752 769565 9.458414759 0.505 0 
12.83325 94095 8994.911464 81308 2 7791 0.09582082944 769839 9.468182713 0.506 0 
12.833 94096 8994.911464 81360 -1 7069 0.08688544739 769577 9.458911013 0.506 0 
12.83275 94096 8994.911464 81289 -1 6520 0.08020765417 768967 9.45966859 0.506 0 
12.832625 94097 8994.911464 81321 1 6272 0.0771264495 769199 9.45879908 0.506 0 
12.832375 94098 8994.911464 81333 0 5732 0.07047569867 769060 9.455694491 0.505 0 
12.83225 94098 8994.911464 81360 -1 5637 0.06928466077 768966 9.45140118 0.505 0 
12.832 94099 8994.911464 81315 1 5287 0.06501875423 768649 9.452733198 0.506 0 
12.83175 94100 8994.911464 81328 -1 5000 0.06147944127 768935 9.454738835 0.506 0 
12.831625 94100 8994.911464 81333 0 4848 0.05960680167 768933 9.454133009 0.505 0 
12.831375 94101 8994.911464 81315 2 4657 0.05727110619 769142 9.45879604 0.506 0 
12.83125 94102 8994.911464 81309 0 4590 0.05645131535 768900 9.456517729 0.505 0 
12.831 94102 8994.911464 81305 2 4491 0.05523645532 768996 9.458163705 0.505 0 
12.83075 94103 8994.911464 81307 0 4357 0.05358702203 769465 9.463699312 0.506 0 
12.830625 94104 8994.911464 81297 0 4198 0.05163782181 768776 9.456388305 0.506 0 
12.830375 94104 8994.911464 81286 -2 4136 0.05088207071 769159 9.462379746 0.505 0 
12.83025 94105 8994.911464 81275 0 4035 0.04964626269 769162 9.463697324 0.506 0 
12.83 94106 8994.911464 81312 -3 4005 0.04925472255 768847 9.455517021 0.505 0 
12.82975 94106 8994.911464 81299 -1 3824 0.04703624891 768878 9.4574103 0.505 0 
12.829625 94107 8994.911464 81313 -2 3758 0.04621647215 769003 9.457319248 0.506 0 
12.829375 94108 8994.911464 81321 4 3675 0.04519127901 768845 9.454445961 0.506 0 
12.82925 94108 8994.911464 81262 2 3705 0.04559326623 768831 9.461138047 0.505 0 
12.829 94109 8994.911464 81303 2 3636 0.04472159699 769584 9.465628575 0.506 0 
12.82875 94110 8994.911464 81265 2 3524 0.04336430198 768166 9.452605673 0.506 0 
12.828625 94110 8994.911464 81254 0 3449 0.04244714106 768796 9.461638812 0.505 0 

