theta  Epoch  Ene  I0  I04  If4  If4dI0  If3  If3dI0  Seconds  Ihor3  
12.841375 94869 8999.171438 77926 2 3633 0.0466211534 868587 11.14630547 0.506 0 
12.84125 94869 8999.171438 77895 -5 3605 0.04628024905 868695 11.15212786 0.506 0 
12.841 94870 8999.171438 77903 0 3675 0.04717404978 869309 11.15886423 0.505 0 
12.84075 94871 8999.171438 77943 1 3864 0.0495746892 868364 11.1410133 0.505 0 
12.840625 94871 8999.171438 77894 -1 3789 0.0486430277 868346 11.14779059 0.506 0 
12.840375 94872 8999.171438 77928 6 3781 0.04851914588 868452 11.14428703 0.505 0 
12.84025 94873 8999.171438 77927 -2 3820 0.04902023689 869068 11.15233488 0.506 0 
12.84 94873 8999.171438 77943 -2 3879 0.04976713752 869444 11.15486958 0.505 0 
12.83975 94874 8999.171438 77932 -1 3967 0.05090335164 869517 11.15738079 0.505 0 
12.839625 94875 8999.171438 77893 2 3917 0.05028693207 868704 11.15252975 0.506 0 
12.839375 94875 8999.171438 77885 3 3978 0.05107530333 868481 11.15081209 0.506 0 
12.83925 94876 8999.171438 77909 -1 4073 0.05227894082 868612 11.14905852 0.506 0 
12.839 94877 8999.171438 77924 -2 4158 0.05335968379 868628 11.1471177 0.506 0 
12.83875 94877 8999.171438 77883 -1 4170 0.05354185124 868384 11.14985298 0.505 0 
12.838625 94878 8999.171438 77901 5 4228 0.05427401445 868666 11.15089665 0.506 0 
12.838375 94879 8999.171438 77907 -1 4310 0.05532237155 868759 11.1512316 0.505 0 
12.83825 94879 8999.171438 77894 -3 4376 0.0561789098 868719 11.15257915 0.506 0 
12.838 94880 8999.171438 77886 5 4526 0.05811057186 869329 11.16155663 0.505 0 
12.83775 94881 8999.171438 77895 0 4547 0.05837345144 868558 11.15036909 0.506 0 
12.837625 94882 8999.171438 77869 2 4505 0.05785357459 868830 11.15758518 0.506 0 
12.837375 94882 8999.171438 77892 1 4706 0.06041698762 868696 11.15257023 0.505 0 
12.83725 94883 8999.171438 77891 4 4761 0.06112387824 868983 11.15639804 0.505 0 
12.837 94884 8999.171438 77898 -3 4961 0.06368584559 868545 11.14977278 0.505 0 
12.83675 94884 8999.171438 77873 3 5032 0.06461803192 868255 11.14962824 0.506 0 
12.836625 94885 8999.171438 77863 -1 5189 0.06664269294 868483 11.15398842 0.505 0 
12.836375 94886 8999.171438 77884 -4 5490 0.07048944584 868813 11.15521802 0.505 0 
12.83625 94886 8999.171438 77865 0 5655 0.07262569832 868578 11.15492198 0.505 0 
12.836 94887 8999.171438 77868 -3 5877 0.07547387887 868290 11.15079365 0.506 0 
12.83575 94888 8999.171438 77854 -1 6355 0.08162714825 868915 11.16082668 0.506 0 
12.835625 94888 8999.171438 77801 0 6548 0.08416344263 868285 11.16033213 0.505 0 
12.835375 94889 8999.171438 77830 0 7107 0.09131440319 868630 11.16060645 0.506 0 
12.83525 94890 8999.171438 77902 0 7548 0.09689096557 868642 11.15044543 0.506 0 
12.835 94890 8999.171438 77864 -7 8223 0.1056072126 868113 11.14909329 0.506 0 
12.83475 94891 8999.171438 77826 0 9195 0.1181481767 868742 11.16261918 0.506 0 
12.834625 94892 8999.171438 77855 -2 9692 0.1244878299 868249 11.15212896 0.506 0 
12.834375 94892 8999.171438 77852 -4 11026 0.1416277038 868428 11.15485794 0.505 0 
12.83425 94893 8999.171438 77833 -1 11792 0.1515038608 868082 11.15313556 0.506 0 
12.834 94894 8999.171438 77830 3 13574 0.1744057561 868781 11.16254658 0.506 0 
12.83375 94894 8999.171438 77826 -2 16155 0.2075784442 867428 11.14573536 0.506 0 
12.833625 94895 8999.171438 77845 -4 17758 0.228119982 868665 11.15890552 0.506 0 
12.833375 94896 8999.171438 77849 0 22116 0.2840884276 868081 11.15083045 0.506 0 
12.83325 94896 8999.171438 77829 2 25038 0.321705277 868387 11.15762762 0.506 0 
12.833 94897 8999.171438 77842 0 32972 0.4235759616 868023 11.1510881 0.506 0 
12.83275 94898 8999.171438 77850 1 45541 0.5849839435 868054 11.1503404 0.506 0 
12.832625 94898 8999.171438 77820 2 54775 0.7038679003 867915 11.15285274 0.506 0 
12.832375 94899 8999.171438 77814 2 80887 1.039491608 867256 11.14524379 0.506 0 
12.83225 94900 8999.171438 77855 -1 99639 1.279802196 868210 11.15162803 0.505 0 
12.832 94901 8999.171438 77830 1 145341 1.867416163 867537 11.14656302 0.506 0 
12.83175 94901 8999.171438 77816 -4 202542 2.602832322 867719 11.15090727 0.506 0 
12.831625 94902 8999.171438 77846 3 233108 2.994476274 867231 11.14034119 0.505 0 
12.831375 94903 8999.171438 77831 0 289727 3.722514165 867185 11.14189719 0.505 0 
12.83125 94903 8999.171438 77819 -2 315370 4.05260926 866909 11.14006862 0.505 0 
12.831 94904 8999.171438 77807 1 347011 4.459894354 866871 11.14129834 0.506 0 
12.83075 94905 8999.171438 77775 5 354779 4.5616072 866042 11.1352234 0.506 0 
12.830625 94905 8999.171438 77816 4 348217 4.474876632 866916 11.14058805 0.505 0 
12.830375 94906 8999.171438 77795 -4 318080 4.088694646 866844 11.14266984 0.506 0 
12.83025 94907 8999.171438 77768 -3 295959 3.805665569 866337 11.14001903 0.505 0 
12.83 94907 8999.171438 77811 -3 244501 3.142242099 867485 11.14861652 0.506 0 
12.82975 94908 8999.171438 77816 -4 185433 2.382967513 866802 11.13912306 0.506 0 
12.829625 94909 8999.171438 77780 2 158723 2.040665981 867431 11.15236565 0.506 0 
12.829375 94909 8999.171438 77771 -1 106835 1.373712566 866992 11.14801147 0.506 0 
12.82925 94910 8999.171438 77757 -4 86261 1.109366359 866558 11.14443716 0.506 0 
12.829 94911 8999.171438 77787 1 56731 0.7293120959 866951 11.14519136 0.506 0 
12.82875 94911 8999.171438 77778 -2 37727 0.4850600427 867658 11.15557098 0.506 0 
12.828625 94912 8999.171438 77778 -2 31895 0.4100773998 867186 11.14950243 0.505 0 
12.828375 94913 8999.171438 77766 -3 23568 0.3030630353 867060 11.14960265 0.506 0 
12.82825 94913 8999.171438 77811 -1 20961 0.2693835062 867948 11.15456684 0.506 0 
12.828 94914 8999.171438 77789 2 16949 0.2178842767 867170 11.14772011 0.505 0 
12.82775 94915 8999.171438 77773 2 14019 0.1802553585 867278 11.15140216 0.505 0 
12.827625 94915 8999.171438 77792 -6 12996 0.1670608803 867028 11.14546483 0.505 0 
12.827375 94916 8999.171438 77778 5 11189 0.1438581604 867407 11.15234385 0.505 0 
12.82725 94917 8999.171438 77738 2 10491 0.1349533047 866826 11.15060845 0.506 0 
12.827 94918 8999.171438 77754 4 9332 0.1200195488 867188 11.15296962 0.506 0 
12.82675 94918 8999.171438 77757 1 8403 0.1080674409 867142 11.15194773 0.506 0 
12.826625 94919 8999.171438 77983 -2 8095 0.1038046754 869607 11.15123809 0.506 0 
12.826375 94920 8999.171438 77998 0 7395 0.09481012334 870027 11.15447832 0.506 0 
12.82625 94920 8999.171438 78157 2 7190 0.09199431913 872014 11.15720921 0.505 0 
12.826 94921 8999.171438 78066 1 6653 0.08522276023 871132 11.15891681 0.506 0 
12.82575 94922 8999.171438 78018 2 6123 0.07848188879 869930 11.15037555 0.506 0 
12.825625 94922 8999.171438 78198 4 6026 0.07706079439 872561 11.15835443 0.506 0 
12.825375 94923 8999.171438 78408 -2 5775 0.07365319865 874775 11.15670595 0.505 0 
12.82525 94924 8999.171438 78540 1 5523 0.07032085561 875955 11.15297937 0.505 0 
12.825 94924 8999.171438 78933 1 5258 0.06661345698 880533 11.15544829 0.505 0 
12.82475 94925 8999.171438 79067 -3 5121 0.06476785511 881505 11.1488358 0.505 0 
12.824625 94926 8999.171438 79294 0 5137 0.06478422075 884420 11.15368124 0.505 0 
12.824375 94926 8999.171438 79690 0 4925 0.06180198268 888699 11.15195131 0.505 0 
12.82425 94927 8999.171438 79998 1 4889 0.06111402785 892103 11.15156629 0.505 0 
12.824 94928 8999.171438 79998 0 4691 0.05863896597 892173 11.15244131 0.506 0 
12.82375 94928 8999.171438 80392 0 4682 0.05823962583 896763 11.15487859 0.506 0 
12.823625 94929 8999.171438 80737 -5 4714 0.05838710876 900499 11.15348601 0.506 0 
12.823375 94930 8999.171438 80877 4 4489 0.05550403699 902486 11.15874723 0.506 0 
12.82325 94930 8999.171438 81217 -2 4549 0.05601044116 904931 11.14213773 0.506 0 
12.823 94931 8999.171438 81583 0 4385 0.05374894279 910331 11.15834181 0.506 0 
12.82275 94932 8999.171438 81713 -2 4504 0.05511974839 912051 11.16163891 0.505 0 
12.822625 94932 8999.171438 82018 -2 4432 0.05403691873 914372 11.14843083 0.505 0 
12.822375 94933 8999.171438 82439 0 4191 0.05083758901 919355 11.15194265 0.505 0 
12.82225 94934 8999.171438 82724 -1 4172 0.05043276437 922331 11.14949712 0.505 0 
12.822 94934 8999.171438 82895 1 4220 0.0509077749 924975 11.15839315 0.505 0 
12.82175 94935 8999.171438 83443 4 4284 0.05134043599 930830 11.15527965 0.506 0 
12.821625 94936 8999.171438 83610 0 4229 0.05058007415 933455 11.16439421 0.506 0 
12.821375 94937 8999.171438 83683 0 4131 0.04936486503 933399 11.15398588 0.506 0 

