theta  Epoch  Ene  I0  I04  If4  If4dI0  If3  If3dI0  Seconds  Ihor3  
12.844 94568 8997.621878 79167 3 3376 0.04264403097 861971 10.88800889 0.506 0 
12.84375 94569 8997.621878 79171 -3 3374 0.04261661467 862499 10.8941279 0.506 0 
12.843625 94569 8997.621878 79194 3 3601 0.04547061646 862369 10.88932242 0.506 0 
12.843375 94570 8997.621878 79155 -4 3592 0.04537931906 862259 10.89329796 0.505 0 
12.84325 94571 8997.621878 79154 4 3521 0.04448290674 862459 10.8959623 0.506 0 
12.843 94571 8997.621878 79180 1 3567 0.04504925486 862950 10.8985855 0.506 0 
12.84275 94572 8997.621878 79160 -2 3570 0.04509853461 862563 10.89645023 0.506 0 
12.842625 94573 8997.621878 79118 0 3610 0.04562804924 862816 10.90543239 0.506 0 
12.842375 94573 8997.621878 79168 3 3628 0.0458265966 862490 10.89442704 0.507 0 
12.84225 94574 8997.621878 79150 -3 3702 0.04677195199 862254 10.89392293 0.505 0 
12.842 94575 8997.621878 79128 2 3697 0.04672176726 862428 10.89915074 0.506 0 
12.84175 94575 8997.621878 79108 4 3823 0.04832633868 861986 10.89631896 0.505 0 
12.841625 94576 8997.621878 79136 2 3752 0.04741205014 862416 10.89789729 0.506 0 
12.841375 94577 8997.621878 79152 -3 3820 0.04826157267 862468 10.89635132 0.506 0 
12.84125 94577 8997.621878 79136 3 3778 0.04774059846 862680 10.90123332 0.505 0 
12.841 94578 8997.621878 79165 1 3921 0.04952946378 862906 10.90009474 0.505 0 
12.84075 94579 8997.621878 79181 -5 3988 0.05036561801 862895 10.89775325 0.506 0 
12.840625 94579 8997.621878 79135 1 3972 0.05019270866 862406 10.89790864 0.506 0 
12.840375 94580 8997.621878 79171 -3 3984 0.05032145609 862593 10.8953152 0.505 0 
12.84025 94581 8997.621878 79173 -7 4123 0.05207583393 861958 10.88701956 0.506 0 
12.84 94581 8997.621878 79129 0 4258 0.0538108658 862406 10.89873498 0.506 0 
12.83975 94582 8997.621878 79136 2 4398 0.05557521229 863120 10.90679337 0.505 0 
12.839625 94583 8997.621878 79110 1 4345 0.05492352421 863224 10.91169258 0.506 0 
12.839375 94584 8997.621878 79131 0 4504 0.05691827476 862842 10.90396937 0.505 0 
12.83925 94584 8997.621878 79144 1 4671 0.05901900334 862801 10.90166026 0.506 0 
12.839 94585 8997.621878 79138 -2 4867 0.06150016427 862598 10.89992166 0.506 0 
12.83875 94586 8997.621878 79140 0 5135 0.0648850139 862971 10.90435936 0.505 0 
12.838625 94586 8997.621878 79114 4 5258 0.0664610562 862585 10.90306393 0.506 0 
12.838375 94587 8997.621878 79129 0 5763 0.07283044143 862602 10.90121195 0.506 0 
12.83825 94588 8997.621878 79117 1 6076 0.07679765411 862454 10.90099473 0.505 0 
12.838 94588 8997.621878 79108 6 6788 0.08580674521 862967 10.90871972 0.506 0 
12.83775 94589 8997.621878 79110 3 7588 0.09591707749 862137 10.89795222 0.506 0 
12.837625 94590 8997.621878 79087 1 7995 0.1010912034 862865 10.9103266 0.505 0 
12.837375 94590 8997.621878 79116 1 9205 0.116348147 862700 10.90424187 0.505 0 
12.83725 94591 8997.621878 79099 -2 9922 0.1254377426 862330 10.90190774 0.506 0 
12.837 94592 8997.621878 79155 1 11252 0.142151475 862723 10.89915988 0.505 0 
12.83675 94592 8997.621878 79092 4 13103 0.1656678299 862394 10.90368179 0.505 0 
12.836625 94593 8997.621878 79093 -1 14090 0.1781447157 862185 10.90090147 0.506 0 
12.836375 94594 8997.621878 79067 0 16639 0.2104417772 861791 10.89950295 0.506 0 
12.83625 94594 8997.621878 79104 -4 18263 0.2308732807 863065 10.91051021 0.505 0 
12.836 94595 8997.621878 79063 -3 21756 0.2751729633 862460 10.90851599 0.506 0 
12.83575 94596 8997.621878 79085 3 27121 0.342934817 862936 10.91150028 0.506 0 
12.835625 94596 8997.621878 79074 -1 30623 0.387270152 862355 10.90567064 0.506 0 
12.835375 94597 8997.621878 79033 4 40292 0.5098123569 862523 10.91345387 0.506 0 
12.83525 94598 8997.621878 79102 1 47064 0.5949786352 862873 10.90835883 0.506 0 
12.835 94598 8997.621878 79096 -1 65879 0.8328992617 861795 10.8955573 0.505 0 
12.83475 94599 8997.621878 79060 4 95333 1.205831014 862033 10.90352897 0.506 0 
12.834625 94600 8997.621878 79008 2 114803 1.453055387 862511 10.91675527 0.505 0 
12.834375 94600 8997.621878 79028 -5 160791 2.034607987 861703 10.90376828 0.506 0 
12.83425 94601 8997.621878 79048 4 186831 2.363513308 862225 10.9076131 0.506 0 
12.834 94602 8997.621878 79054 -1 231789 2.9320338 861919 10.90291446 0.506 0 
12.83375 94603 8997.621878 79050 -1 272348 3.445262492 861265 10.89519292 0.506 0 
12.833625 94603 8997.621878 79048 -1 285830 3.615904261 861305 10.8959746 0.506 0 
12.833375 94604 8997.621878 79051 0 297593 3.764569708 861489 10.8978887 0.506 0 
12.83325 94605 8997.621878 79069 1 295557 3.737963045 860702 10.88545448 0.505 0 
12.833 94605 8997.621878 79079 -1 277962 3.514991338 860802 10.88534251 0.506 0 
12.83275 94606 8997.621878 79065 3 246194 3.113817745 860762 10.88676405 0.506 0 
12.832625 94607 8997.621878 79092 0 225933 2.856584737 860933 10.88520963 0.506 0 
12.832375 94607 8997.621878 79038 2 180578 2.284698499 860579 10.88816772 0.506 0 
12.83225 94608 8997.621878 79061 2 157672 1.994308192 860643 10.88580969 0.506 0 
12.832 94609 8997.621878 79009 1 113570 1.437431179 861501 10.90383374 0.506 0 
12.83175 94609 8997.621878 79036 4 76195 0.964054355 861220 10.89655347 0.505 0 
12.831625 94610 8997.621878 79017 -2 61362 0.7765670678 861372 10.90109723 0.506 0 
12.831375 94611 8997.621878 79002 -3 40535 0.5130882762 861319 10.90249614 0.506 0 
12.83125 94611 8997.621878 79054 -1 33500 0.4237609735 862445 10.90956814 0.506 0 
12.831 94612 8997.621878 79037 -6 24704 0.3125624707 862184 10.90861242 0.506 0 
12.83075 94613 8997.621878 79032 -7 18989 0.2402697641 861986 10.90679725 0.505 0 
12.830625 94613 8997.621878 79027 0 17122 0.2166601288 861832 10.90553861 0.506 0 
12.830375 94614 8997.621878 79041 -8 14061 0.1778950165 861275 10.89656001 0.506 0 
12.83025 94615 8997.621878 78997 3 12921 0.1635631733 861698 10.90798385 0.506 0 
12.83 94615 8997.621878 79058 -1 11200 0.1416681424 861527 10.89740444 0.506 0 
12.82975 94616 8997.621878 78990 -1 9734 0.1232307887 861826 10.91057096 0.506 0 
12.829625 94617 8997.621878 79031 -1 9039 0.114372841 861611 10.90219028 0.506 0 
12.829375 94617 8997.621878 78993 0 8115 0.1027306217 861185 10.90204195 0.506 0 
12.82925 94618 8997.621878 78978 -1 7746 0.09807794576 861792 10.91179822 0.506 0 
12.829 94619 8997.621878 79010 3 7026 0.08892545247 860624 10.89259587 0.506 0 
12.82875 94619 8997.621878 78996 -1 6395 0.080953466 860929 10.89838726 0.506 0 
12.828625 94620 8997.621878 78998 -1 6135 0.07766019393 861084 10.90007342 0.506 0 
12.828375 94621 8997.621878 78979 -3 5705 0.07223439142 861186 10.90398714 0.506 0 
12.82825 94621 8997.621878 79002 -2 5596 0.07083364978 862209 10.91376168 0.506 0 
12.828 94622 8997.621878 78984 -2 5215 0.06602603059 861364 10.90555049 0.506 0 
12.82775 94623 8997.621878 78994 1 4908 0.06213130111 861788 10.90953743 0.506 0 
12.827625 94623 8997.621878 78991 -1 4807 0.06085503412 861550 10.90693877 0.505 0 
12.827375 94624 8997.621878 78982 1 4589 0.05810184599 861655 10.90951103 0.505 0 
12.82725 94625 8997.621878 78986 -1 4591 0.05812422455 861163 10.9027296 0.506 0 
12.827 94626 8997.621878 78943 3 4384 0.05553373953 861312 10.91055572 0.505 0 
12.82675 94626 8997.621878 78953 0 4189 0.05305688194 861129 10.90685598 0.506 0 
12.826625 94627 8997.621878 78990 1 4173 0.05282947209 860682 10.89608811 0.506 0 
12.826375 94628 8997.621878 78947 -4 4106 0.05200957604 861125 10.90763424 0.505 0 
12.82625 94628 8997.621878 78927 -2 3949 0.05003357533 861501 10.91516211 0.506 0 
12.826 94629 8997.621878 79005 -1 3960 0.05012340991 860991 10.89793051 0.506 0 
12.82575 94630 8997.621878 78937 -2 3864 0.04895042882 861038 10.90791391 0.506 0 
12.825625 94630 8997.621878 78925 2 3848 0.04875514729 861312 10.91304403 0.506 0 
12.825375 94631 8997.621878 78892 0 3808 0.04826851899 860642 10.90911626 0.506 0 
12.82525 94632 8997.621878 78912 -3 3775 0.04783809813 861275 10.91437297 0.505 0 
12.825 94632 8997.621878 78934 -1 3768 0.04773608331 860688 10.90389439 0.506 0 
12.82475 94633 8997.621878 78942 -2 3709 0.04698386157 860937 10.9059436 0.506 0 
12.824625 94634 8997.621878 78943 -5 3763 0.04766730426 860802 10.90409536 0.505 0 
12.824375 94634 8997.621878 78923 6 3689 0.04674176096 860757 10.90628841 0.505 0 
12.82425 94635 8997.621878 78898 0 3576 0.04532434282 860748 10.90963016 0.506 0 
12.824 94636 8997.621878 78971 0 3596 0.04553570298 861550 10.90970103 0.505 0 

