theta  Epoch  Ene  I0  I04  If4  If4dI0  If3  If3dI0  Seconds  Ihor3  
12.831 96149 9005.763179 83596 1 3549 0.04245418441 934393 11.17748457 0.506 0 
12.83075 96150 9005.763179 83639 0 3585 0.04286277933 934022 11.16730234 0.506 0 
12.830625 96151 9005.763179 83577 -1 3553 0.0425116958 934365 11.17969058 0.506 0 
12.830375 96151 9005.763179 83638 -1 3666 0.04383175112 934747 11.17610416 0.506 0 
12.83025 96152 9005.763179 83640 -3 3598 0.04301769488 934318 11.1707078 0.505 0 
12.83 96153 9005.763179 83629 -3 3594 0.04297552284 934771 11.1775939 0.506 0 
12.82975 96153 9005.763179 83632 -1 3644 0.04357183853 934095 11.16910991 0.506 0 
12.829625 96154 9005.763179 83623 0 3667 0.04385157194 934319 11.17299068 0.506 0 
12.829375 96155 9005.763179 83587 -1 3795 0.04540179693 933752 11.17101942 0.506 0 
12.82925 96156 9005.763179 83587 -1 3735 0.04468398196 934568 11.1807817 0.506 0 
12.829 96156 9005.763179 83602 0 3577 0.04278605775 934137 11.17362025 0.506 0 
12.82875 96157 9005.763179 83577 2 3669 0.04389963746 934325 11.17921198 0.505 0 
12.828625 96158 9005.763179 83593 0 3830 0.0458172335 934465 11.17874702 0.506 0 
12.828375 96158 9005.763179 83592 1 3828 0.04579385587 934233 11.17610537 0.506 0 
12.82825 96159 9005.763179 83582 -1 3735 0.04468665502 933947 11.17402072 0.505 0 
12.828 96160 9005.763179 83617 0 3768 0.04506260689 934254 11.17301506 0.506 0 
12.82775 96160 9005.763179 83588 -4 3839 0.04592764512 933891 11.17254869 0.505 0 
12.827625 96161 9005.763179 83613 -2 3883 0.04644014687 934909 11.18138328 0.506 0 
12.827375 96162 9005.763179 83582 -3 3891 0.04655308559 935169 11.18864109 0.506 0 
12.82725 96162 9005.763179 83590 1 3894 0.04658451968 934365 11.17795191 0.506 0 
12.827 96163 9005.763179 83593 -3 3993 0.04776715754 934554 11.17981171 0.506 0 
12.82675 96164 9005.763179 83554 2 4091 0.0489623477 933322 11.17028509 0.505 0 
12.826625 96164 9005.763179 83597 0 4071 0.04869791978 934612 11.17997057 0.506 0 
12.826375 96165 9005.763179 83589 -3 4180 0.05000657981 933474 11.16742634 0.506 0 
12.82625 96166 9005.763179 83588 5 4150 0.04964827487 933817 11.1716634 0.506 0 
12.826 96166 9005.763179 83579 -4 4232 0.05063472882 933849 11.17324926 0.505 0 
12.82575 96167 9005.763179 83554 -1 4436 0.05309141394 933606 11.17368408 0.506 0 
12.825625 96168 9005.763179 83578 0 4453 0.05327957118 933973 11.17486659 0.506 0 
12.825375 96168 9005.763179 83611 -2 4607 0.05510040545 934051 11.17138893 0.506 0 
12.82525 96169 9005.763179 83590 -1 4717 0.056430195 933857 11.17187463 0.506 0 
12.825 96170 9005.763179 83585 -1 5104 0.06106358796 933869 11.17268649 0.505 0 
12.82475 96171 9005.763179 83572 2 5336 0.06384913607 933766 11.17319198 0.506 0 
12.824625 96171 9005.763179 83571 -4 5475 0.06551315648 933558 11.17083677 0.505 0 
12.824375 96172 9005.763179 83582 -3 5826 0.06970400325 933773 11.17193893 0.505 0 
12.82425 96173 9005.763179 83559 -1 6229 0.07454612908 934212 11.18026783 0.506 0 
12.824 96173 9005.763179 83522 1 6760 0.08093675918 933557 11.17737842 0.506 0 
12.82375 96174 9005.763179 83524 -5 7481 0.08956707054 934286 11.1858388 0.506 0 
12.823625 96175 9005.763179 83559 1 7829 0.0936942759 933275 11.1690542 0.506 0 
12.823375 96175 9005.763179 83518 0 8936 0.1069948993 933857 11.18150578 0.505 0 
12.82325 96176 9005.763179 83558 2 9681 0.1158596424 933424 11.17097106 0.506 0 
12.823 96177 9005.763179 83541 -2 11243 0.1345806251 933167 11.17016794 0.506 0 
12.82275 96177 9005.763179 83578 4 13581 0.1624949149 933322 11.16707746 0.506 0 
12.822625 96178 9005.763179 83520 -2 15050 0.1801963602 933370 11.17540709 0.506 0 
12.822375 96179 9005.763179 83517 -3 19135 0.2291150305 933357 11.17565286 0.506 0 
12.82225 96179 9005.763179 83516 2 22100 0.2646199531 933581 11.1784688 0.506 0 
12.822 96180 9005.763179 83519 -4 29931 0.3583735437 932905 11.1699733 0.506 0 
12.82175 96181 9005.763179 83513 5 41651 0.4987367236 932908 11.17081173 0.505 0 
12.821625 96181 9005.763179 83533 4 49799 0.5961596016 933285 11.17265033 0.506 0 
12.821375 96182 9005.763179 83563 -1 69186 0.8279501693 933459 11.17072149 0.506 0 
12.82125 96183 9005.763179 83518 -1 81002 0.9698747575 933100 11.17244187 0.505 0 
12.821 96183 9005.763179 83490 0 102096 1.222853036 932774 11.17228411 0.505 0 
12.82075 96184 9005.763179 83531 3 121807 1.45822509 932223 11.160204 0.505 0 
12.820625 96185 9005.763179 83498 5 129098 1.546120865 932538 11.16838727 0.501 0 
12.820375 96186 9005.763179 83513 -2 136913 1.639421407 932412 11.16487253 0.506 0 
12.82025 96186 9005.763179 83487 7 137064 1.64174063 931834 11.16142633 0.506 0 
12.82 96187 9005.763179 83507 1 129898 1.555534267 932762 11.169866 0.506 0 
12.81975 96188 9005.763179 83521 2 115166 1.378886747 932214 11.16143245 0.506 0 
12.819625 96188 9005.763179 83529 3 106194 1.271342887 932424 11.16287756 0.506 0 
12.819375 96189 9005.763179 83511 -1 85533 1.024212379 932498 11.16616973 0.505 0 
12.81925 96190 9005.763179 83518 -1 74429 0.8911731603 932558 11.16595225 0.506 0 
12.819 96190 9005.763179 83520 -2 54621 0.653987069 933463 11.17652059 0.505 0 
12.81875 96191 9005.763179 83531 3 37602 0.4501562294 932992 11.16941016 0.506 0 
12.818625 96192 9005.763179 83524 0 31080 0.3721086155 933021 11.17069345 0.505 0 
12.818375 96192 9005.763179 83490 -2 20799 0.249119655 932528 11.16933765 0.506 0 
12.81825 96193 9005.763179 83509 1 17493 0.2094744279 933287 11.17588523 0.506 0 
12.818 96194 9005.763179 83472 2 13037 0.1561841096 932762 11.17454955 0.505 0 
12.81775 96194 9005.763179 83526 -4 10472 0.125374135 933381 11.17473601 0.506 0 
12.817625 96195 9005.763179 83510 1 9637 0.1153993534 933258 11.17540414 0.506 0 
12.817375 96196 9005.763179 83534 0 8213 0.09831924725 933461 11.17462351 0.506 0 
12.81725 96196 9005.763179 83484 3 7802 0.0934550333 933021 11.17604571 0.506 0 
12.817 96197 9005.763179 83517 3 7163 0.0857669696 933056 11.1720488 0.505 0 
12.81675 96198 9005.763179 83560 -2 6468 0.07740545716 933643 11.17332456 0.505 0 
12.816625 96198 9005.763179 83511 -3 6211 0.07437343583 932871 11.1706362 0.506 0 
12.816375 96199 9005.763179 83450 3 5604 0.06715398442 932704 11.17680048 0.506 0 
12.81625 96200 9005.763179 83492 0 5464 0.06544339577 932283 11.16613568 0.506 0 
12.816 96201 9005.763179 83497 0 5181 0.06205013354 932354 11.16631735 0.506 0 
12.81575 96201 9005.763179 83474 -3 5002 0.05992285023 932515 11.17132281 0.506 0 
12.815625 96202 9005.763179 83480 -6 4785 0.05731911835 932965 11.1759104 0.506 0 
12.815375 96203 9005.763179 83496 1 4593 0.05500862317 933006 11.17425984 0.506 0 
12.81525 96203 9005.763179 83459 4 4508 0.05401454606 932613 11.17450485 0.505 0 
12.815 96204 9005.763179 83472 -3 4414 0.05288000767 933205 11.17985672 0.506 0 
12.81475 96205 9005.763179 83454 0 4216 0.05051884871 932868 11.17822992 0.506 0 
12.814625 96205 9005.763179 83434 1 4207 0.05042308891 932924 11.18158065 0.505 0 
12.814375 96206 9005.763179 83471 3 4037 0.0483641025 932871 11.17598927 0.506 0 
12.81425 96207 9005.763179 83448 0 4126 0.0494439651 932455 11.17408446 0.505 0 
12.814 96207 9005.763179 83485 0 4038 0.04836797029 932782 11.17304905 0.505 0 
12.81375 96208 9005.763179 83430 -2 3977 0.0476687043 932307 11.17472132 0.505 0 
12.813625 96209 9005.763179 83459 3 3875 0.04642998358 932281 11.17052685 0.507 0 
12.813375 96209 9005.763179 83451 -2 3902 0.04675797774 932171 11.17027957 0.506 0 
12.81325 96210 9005.763179 83461 -4 3955 0.0473874025 932135 11.16850984 0.505 0 
12.813 96211 9005.763179 83458 -5 3801 0.04554386638 932513 11.17344053 0.506 0 
12.81275 96211 9005.763179 83443 2 3808 0.0456359431 932040 11.16978057 0.505 0 
12.812625 96212 9005.763179 83436 1 3740 0.04482477588 932201 11.1726473 0.506 0 
12.812375 96213 9005.763179 83427 -1 3865 0.04632792741 931967 11.17104774 0.506 0 
12.81225 96213 9005.763179 83423 2 3796 0.04550303873 931840 11.17006101 0.506 0 
12.812 96214 9005.763179 83434 -2 3700 0.04434642951 931290 11.16199631 0.506 0 
12.81175 96215 9005.763179 83422 0 3623 0.0434297907 932167 11.17411474 0.506 0 
12.811625 96216 9005.763179 83453 0 3621 0.0433896924 932089 11.16902927 0.506 0 
12.811375 96216 9005.763179 83413 3 3747 0.04492105547 931887 11.1719636 0.506 0 
12.81125 96217 9005.763179 83400 1 3613 0.04332134293 931733 11.17185851 0.505 0 
12.811 96218 9005.763179 83404 -1 3609 0.04327130593 931850 11.17272553 0.506 0 

