theta  Epoch  Ene  I0  I04  If4  If4dI0  If3  If3dI0  Seconds  Ihor3  
12.84025 95019 8999.946423 83009 0 3875 0.04668168512 926532 11.16182583 0.506 0 
12.84 95020 8999.946423 83034 -4 3976 0.04788399933 925491 11.14592817 0.506 0 
12.83975 95021 8999.946423 83056 1 3981 0.04793151609 926374 11.1536072 0.505 0 
12.839625 95021 8999.946423 83024 2 4027 0.04850404702 925803 11.15102862 0.506 0 
12.839375 95022 8999.946423 82978 2 4034 0.04861529562 925376 11.1520644 0.505 0 
12.83925 95023 8999.946423 83002 0 4092 0.04930001687 926159 11.15827329 0.505 0 
12.839 95023 8999.946423 82999 1 4121 0.04965120062 924898 11.14348366 0.505 0 
12.83875 95024 8999.946423 83042 1 4193 0.05049252186 925823 11.14885239 0.506 0 
12.838625 95025 8999.946423 83013 1 4187 0.05043788322 925953 11.15431318 0.506 0 
12.838375 95025 8999.946423 83014 1 4219 0.05082275279 925518 11.14893873 0.506 0 
12.83825 95026 8999.946423 83011 1 4186 0.05042705184 926272 11.15842479 0.506 0 
12.838 95027 8999.946423 83021 -2 4344 0.05232411077 925244 11.14469833 0.505 0 
12.83775 95027 8999.946423 83017 0 4469 0.05383234759 925869 11.15276389 0.506 0 
12.837625 95028 8999.946423 83010 -3 4469 0.05383688712 926085 11.15630647 0.506 0 
12.837375 95029 8999.946423 83006 2 4533 0.05461051008 926247 11.15879575 0.505 0 
12.83725 95029 8999.946423 82984 -2 4477 0.05395015907 925502 11.15277644 0.506 0 
12.837 95030 8999.946423 82994 2 4690 0.05651010916 926366 11.16184302 0.506 0 
12.83675 95031 8999.946423 82968 1 4716 0.05684119178 925374 11.15338444 0.506 0 
12.836625 95031 8999.946423 83028 -3 4735 0.05702895409 926323 11.15675435 0.506 0 
12.836375 95032 8999.946423 83011 1 4908 0.05912469432 925978 11.15488309 0.506 0 
12.83625 95033 8999.946423 83010 -1 4969 0.0598602578 925856 11.15354777 0.506 0 
12.836 95033 8999.946423 83009 -2 5105 0.06149935549 925698 11.15177872 0.506 0 
12.83575 95034 8999.946423 83053 4 5315 0.06399528012 925868 11.14791759 0.506 0 
12.835625 95035 8999.946423 83032 1 5329 0.06418007515 925262 11.14343867 0.506 0 
12.835375 95035 8999.946423 83022 0 5598 0.06742791067 925571 11.14850281 0.505 0 
12.83525 95036 8999.946423 82981 -1 5770 0.06953398971 925536 11.15358938 0.505 0 
12.835 95037 8999.946423 82995 3 6002 0.07231760949 925554 11.15192481 0.505 0 
12.83475 95037 8999.946423 82983 3 6283 0.07571430293 925419 11.15191063 0.506 0 
12.834625 95038 8999.946423 83027 1 6525 0.07858889277 925312 11.14471196 0.506 0 
12.834375 95039 8999.946423 83014 -1 7082 0.08531091141 926027 11.15507023 0.505 0 
12.83425 95040 8999.946423 83012 2 7422 0.08940876018 925335 11.14700284 0.506 0 
12.834 95040 8999.946423 82983 -1 7985 0.09622452792 926113 11.16027379 0.506 0 
12.83375 95041 8999.946423 82975 4 8772 0.1057185899 925706 11.15644471 0.506 0 
12.833625 95042 8999.946423 83006 5 9235 0.1112570176 925473 11.14947112 0.506 0 
12.833375 95042 8999.946423 82998 4 10538 0.1269669149 925462 11.15041326 0.505 0 
12.83325 95043 8999.946423 82967 -2 11315 0.1363795244 925680 11.15720708 0.506 0 
12.833 95044 8999.946423 82985 3 12791 0.1541362897 925409 11.15152136 0.505 0 
12.83275 95044 8999.946423 83014 -5 15035 0.181114029 926012 11.15488954 0.506 0 
12.832625 95045 8999.946423 82961 -4 16495 0.1988283651 926042 11.1623775 0.506 0 
12.832375 95046 8999.946423 82971 0 20155 0.2429161996 925534 11.15490955 0.506 0 
12.83225 95046 8999.946423 82982 -3 22590 0.272227712 925874 11.15752814 0.506 0 
12.832 95047 8999.946423 82955 1 28795 0.3471159062 924906 11.14949069 0.506 0 
12.83175 95048 8999.946423 82987 -1 38501 0.4639401352 925450 11.15174666 0.506 0 
12.831625 95048 8999.946423 82950 0 45011 0.5426280892 925332 11.15529837 0.505 0 
12.831375 95049 8999.946423 82962 2 64468 0.7770786625 925220 11.1523348 0.506 0 
12.83125 95050 8999.946423 82957 0 77752 0.937256651 924693 11.14665429 0.506 0 
12.831 95050 8999.946423 82928 1 114697 1.383091356 924813 11.15199932 0.505 0 
12.83075 95051 8999.946423 82945 0 166667 2.009367653 924404 11.14478269 0.506 0 
12.830625 95052 8999.946423 82976 1 196260 2.365262245 924200 11.13816043 0.506 0 
12.830375 95052 8999.946423 83004 0 258891 3.119018361 924432 11.13719821 0.506 0 
12.83025 95053 8999.946423 82912 2 287954 3.473007526 924100 11.14555191 0.506 0 
12.83 95054 8999.946423 82957 1 336329 4.054257025 924796 11.1478959 0.506 0 
12.82975 95054 8999.946423 82948 0 363755 4.385337802 924473 11.14521146 0.506 0 
12.829625 95055 8999.946423 82959 -2 366070 4.412661676 923427 11.13112501 0.506 0 
12.829375 95056 8999.946423 82997 -4 350984 4.228875742 924667 11.14096895 0.506 0 
12.82925 95056 8999.946423 82941 -2 333983 4.026753958 923845 11.13858044 0.506 0 
12.829 95057 8999.946423 82892 -3 290191 3.500832408 923874 11.14551465 0.506 0 
12.82875 95058 8999.946423 82974 2 234445 2.825523658 924338 11.14009208 0.506 0 
12.828625 95059 8999.946423 82970 2 206695 2.491201639 924177 11.13868868 0.505 0 
12.828375 95059 8999.946423 82906 -2 150050 1.80988107 923769 11.14236605 0.505 0 
12.82825 95060 8999.946423 82903 -2 123926 1.494831309 924415 11.1505615 0.506 0 
12.828 95061 8999.946423 82910 -3 83329 1.005053673 924424 11.14972862 0.505 0 
12.82775 95061 8999.946423 82908 5 54323 0.6552202441 924730 11.15368843 0.506 0 
12.827625 95062 8999.946423 82957 -2 45042 0.5429559892 924950 11.14975228 0.505 0 
12.827375 95063 8999.946423 82950 1 31318 0.3775527426 925151 11.15311634 0.505 0 
12.82725 95063 8999.946423 82944 -1 26870 0.3239535108 925078 11.15304302 0.505 0 
12.827 95064 8999.946423 82932 3 20934 0.2524236724 924655 11.14955626 0.505 0 
12.82675 95065 8999.946423 82918 2 16926 0.2041293808 924428 11.14870113 0.506 0 
12.826625 95065 8999.946423 82945 0 15555 0.187533908 924235 11.14274519 0.505 0 
12.826375 95066 8999.946423 82932 1 13091 0.1578522163 924177 11.1437925 0.506 0 
12.82625 95067 8999.946423 82888 -3 12302 0.1484171412 923949 11.14695734 0.506 0 
12.826 95067 8999.946423 82874 1 10864 0.1310905712 924001 11.14946787 0.506 0 
12.82575 95068 8999.946423 82952 4 9500 0.1145240621 924820 11.14885717 0.505 0 
12.825625 95069 8999.946423 82922 4 9174 0.1106340899 924687 11.15128675 0.506 0 
12.825375 95069 8999.946423 82889 3 8320 0.1003752006 924611 11.15480944 0.505 0 
12.82525 95070 8999.946423 82932 -1 7999 0.09645251531 924327 11.14560122 0.506 0 
12.825 95071 8999.946423 82909 2 7436 0.08968869483 924678 11.1529267 0.506 0 
12.82475 95071 8999.946423 82893 2 6877 0.08296237318 924476 11.15264256 0.506 0 
12.824625 95072 8999.946423 82914 0 6668 0.08042067685 925148 11.15792267 0.505 0 
12.824375 95073 8999.946423 82890 -2 6409 0.07731933888 924362 11.15167089 0.505 0 
12.82425 95073 8999.946423 82900 3 6211 0.07492159228 924850 11.1562123 0.505 0 
12.824 95074 8999.946423 82895 -2 5839 0.07043850654 924929 11.15783823 0.506 0 
12.82375 95075 8999.946423 82889 1 5501 0.06636586278 924513 11.15362714 0.505 0 
12.823625 95076 8999.946423 82865 -1 5393 0.06508175949 924119 11.15210282 0.506 0 
12.823375 95076 8999.946423 82895 0 5280 0.06369503589 924745 11.15561855 0.506 0 
12.82325 95077 8999.946423 82892 -2 5193 0.06264778266 924346 11.1512088 0.505 0 
12.823 95078 8999.946423 82931 -3 4920 0.05932642799 924028 11.1421302 0.505 0 
12.82275 95078 8999.946423 82880 2 4883 0.05891650579 924333 11.15266651 0.505 0 
12.822625 95079 8999.946423 82863 0 4835 0.05834932358 924186 11.15318055 0.506 0 
12.822375 95080 8999.946423 82879 4 4833 0.05831392753 924581 11.15579339 0.506 0 
12.82225 95080 8999.946423 82882 0 4624 0.0557901595 923694 11.14468763 0.506 0 
12.822 95081 8999.946423 82867 0 4564 0.05507620645 924446 11.15577974 0.506 0 
12.82175 95082 8999.946423 82853 0 4464 0.053878556 924272 11.15556467 0.506 0 
12.821625 95082 8999.946423 82861 0 4533 0.05470607403 923415 11.14414501 0.505 0 
12.821375 95083 8999.946423 82838 2 4379 0.05286221299 923995 11.15424081 0.506 0 
12.82125 95084 8999.946423 82853 -1 4298 0.05187500754 923928 11.15141274 0.506 0 
12.821 95084 8999.946423 82905 -1 4232 0.05104637838 924208 11.14779567 0.506 0 
12.82075 95085 8999.946423 82850 3 4193 0.0506095353 923359 11.1449487 0.506 0 
12.820625 95086 8999.946423 82874 1 4262 0.0514274682 923765 11.14662017 0.505 0 
12.820375 95086 8999.946423 82858 -3 4143 0.05000120688 923821 11.14944845 0.506 0 
12.82025 95087 8999.946423 82837 -2 4117 0.04970001328 924050 11.15503941 0.506 0 

