theta  Epoch  Ene  I0  I04  If4  If4dI0  If3  If3dI0  Seconds  Ihor3  
12.857 92989 8989.495656 80534 -1 974 0.01209427074 327436 4.065810713 0.506 0 
12.85675 92990 8989.495656 80580 0 982 0.01218664681 327848 4.068602631 0.506 0 
12.856625 92990 8989.495656 80608 0 1028 0.01275307662 327710 4.065477372 0.505 0 
12.856375 92991 8989.495656 80528 1 970 0.0120454997 327782 4.070410292 0.506 0 
12.85625 92992 8989.495656 80537 0 967 0.01200690366 328087 4.073742503 0.506 0 
12.856 92992 8989.495656 80552 -2 1007 0.01250124143 328124 4.073443242 0.505 0 
12.85575 92993 8989.495656 80549 0 1080 0.01340798768 327954 4.071484438 0.505 0 
12.855625 92994 8989.495656 80534 3 1098 0.0136339931 328391 4.077669059 0.505 0 
12.855375 92994 8989.495656 80502 -1 1040 0.01291893369 328369 4.07901667 0.506 0 
12.85525 92995 8989.495656 80525 1 1038 0.01289040671 328379 4.077975784 0.506 0 
12.855 92996 8989.495656 80532 2 1014 0.01259126807 328593 4.080278647 0.505 0 
12.85475 92996 8989.495656 80507 0 1153 0.014321736 328957 4.08606705 0.505 0 
12.854625 92997 8989.495656 80526 -1 1217 0.01511313116 328643 4.081203586 0.506 0 
12.854375 92998 8989.495656 80523 -1 1147 0.01424437738 328640 4.081318381 0.506 0 
12.85425 92998 8989.495656 80525 -1 1173 0.01456690469 328852 4.083849736 0.506 0 
12.854 92999 8989.495656 80522 2 1241 0.01541193711 328587 4.080710862 0.506 0 
12.85375 93000 8989.495656 80518 1 1291 0.01603368191 329254 4.089197447 0.506 0 
12.853625 93000 8989.495656 80477 2 1225 0.01522174037 328610 4.083278452 0.505 0 
12.853375 93001 8989.495656 80464 2 1303 0.01619357725 328992 4.088685623 0.506 0 
12.85325 93002 8989.495656 80493 -1 1367 0.01698284323 329069 4.088169158 0.506 0 
12.853 93002 8989.495656 80476 -2 1403 0.01743376907 329519 4.094624484 0.505 0 
12.85275 93003 8989.495656 80490 -1 1459 0.01812647534 329171 4.089588769 0.505 0 
12.852625 93004 8989.495656 80479 -2 1520 0.0188869146 329369 4.09260801 0.506 0 
12.852375 93004 8989.495656 80480 -1 1495 0.01857604374 329042 4.088494036 0.505 0 
12.85225 93005 8989.495656 80504 0 1565 0.01944002782 329406 4.091796681 0.505 0 
12.852 93006 8989.495656 80511 0 1647 0.02045683199 328877 4.08487039 0.506 0 
12.85175 93006 8989.495656 80475 1 1859 0.02310034172 329703 4.096961789 0.505 0 
12.851625 93007 8989.495656 80437 0 1827 0.0227134279 328939 4.089399157 0.506 0 
12.851375 93008 8989.495656 80463 -6 2013 0.02501771 329440 4.094304214 0.506 0 
12.85125 93008 8989.495656 80446 3 2253 0.02800636452 329224 4.092484399 0.506 0 
12.851 93009 8989.495656 80464 3 2542 0.03159176775 329566 4.095819248 0.506 0 
12.85075 93010 8989.495656 80455 -1 2834 0.03522465975 329320 4.093219812 0.506 0 
12.850625 93010 8989.495656 80442 -7 3097 0.03849978867 329629 4.097722583 0.505 0 
12.850375 93011 8989.495656 80462 -3 3692 0.04588501404 329754 4.098257563 0.506 0 
12.85025 93012 8989.495656 80495 -2 4117 0.05114603392 329230 4.090067706 0.506 0 
12.85 93012 8989.495656 80445 2 4829 0.06002859096 329219 4.092473118 0.505 0 
12.84975 93013 8989.495656 80480 0 6069 0.07541003976 329145 4.089773857 0.506 0 
12.849625 93014 8989.495656 80481 4 6827 0.08482747481 329398 4.092866639 0.505 0 
12.849375 93014 8989.495656 80421 2 8941 0.1111774288 329353 4.095360665 0.505 0 
12.84925 93015 8989.495656 80479 1 10362 0.1287540849 329753 4.097379441 0.505 0 
12.849 93016 8989.495656 80469 -3 14144 0.175769551 329355 4.092942624 0.506 0 
12.84875 93016 8989.495656 80446 -5 20268 0.2519454044 329425 4.09498297 0.505 0 
12.848625 93017 8989.495656 80457 -3 24936 0.3099295276 329492 4.095255851 0.506 0 
12.848375 93018 8989.495656 80444 -2 39476 0.4907264681 329560 4.096762966 0.506 0 
12.84825 93019 8989.495656 80484 1 51307 0.6374807415 329623 4.095509667 0.506 0 
12.848 93019 8989.495656 80398 0 85906 1.068509167 329435 4.097552178 0.505 0 
12.84775 93020 8989.495656 80429 0 146966 1.827276231 329297 4.094257047 0.505 0 
12.847625 93021 8989.495656 80420 -2 185323 2.304439194 329083 4.092054215 0.504 0 
12.847375 93021 8989.495656 80439 1 275892 3.429828814 328703 4.08636358 0.505 0 
12.84725 93022 8989.495656 80461 0 323745 4.023626353 329259 4.092156448 0.505 0 
12.847 93022 8989.495656 80426 -4 415350 5.164374705 328687 4.086825156 0.504 0 
12.84675 93023 8989.495656 80422 -1 488970 6.080052722 329248 4.094004128 0.504 0 
12.846625 93024 8989.495656 80401 1 512756 6.377482867 328848 4.090098382 0.505 0 
12.846375 93024 8989.495656 80410 0 533092 6.629672926 329843 4.102014675 0.505 0 
12.84625 93025 8989.495656 80424 -2 529156 6.579578235 329636 4.098726748 0.508 0 
12.846 93026 8989.495656 80407 4 494210 6.146355417 330270 4.107478205 0.505 0 
12.84575 93026 8989.495656 80380 2 423349 5.266844986 330438 4.110947997 0.504 0 
12.845625 93027 8989.495656 80421 -3 381210 4.740179804 330432 4.108777558 0.505 0 
12.845375 93028 8989.495656 80412 3 283634 3.527259613 331014 4.116475153 0.505 0 
12.84525 93028 8989.495656 80383 2 233133 2.900277422 331069 4.11864449 0.506 0 
12.845 93029 8989.495656 80357 -3 148393 1.846671727 331443 4.124631333 0.506 0 
12.84475 93030 8989.495656 80378 -1 88588 1.102142377 331047 4.118626987 0.506 0 
12.844625 93030 8989.495656 80399 1 70465 0.8764412493 331421 4.122203012 0.506 0 
12.844375 93031 8989.495656 80370 -1 45735 0.5690556178 331093 4.119609307 0.505 0 
12.84425 93032 8989.495656 80375 -3 38252 0.4759191291 331185 4.120497667 0.505 0 
12.844 93033 8989.495656 80404 -2 28560 0.3552062086 331173 4.118862246 0.505 0 
12.84375 93033 8989.495656 80393 2 22347 0.2779719627 331064 4.118069981 0.506 0 
12.843625 93034 8989.495656 80404 2 19921 0.2477613054 331101 4.117966768 0.506 0 
12.843375 93035 8989.495656 80406 -1 16210 0.2016018705 331517 4.123038082 0.506 0 
12.84325 93035 8989.495656 80395 -2 14680 0.1825984203 331216 4.1198582 0.505 0 
12.843 93036 8989.495656 80379 2 12171 0.1514201471 331663 4.126239441 0.506 0 
12.84275 93037 8989.495656 80390 -5 10331 0.1285110088 331595 4.124828959 0.505 0 
12.842625 93037 8989.495656 80363 0 9331 0.1161106479 331323 4.122830158 0.505 0 
12.842375 93038 8989.495656 80339 1 7892 0.09823373455 331862 4.130770858 0.506 0 
12.84225 93039 8989.495656 80337 -2 7226 0.08994610205 331415 4.125309633 0.505 0 
12.842 93039 8989.495656 80333 0 6085 0.07574720227 331640 4.128315885 0.505 0 
12.84175 93040 8989.495656 80365 0 5124 0.06375909911 331798 4.128638089 0.506 0 
12.841625 93041 8989.495656 80370 4 4644 0.05778275476 331684 4.126962797 0.505 0 
12.841375 93041 8989.495656 80423 2 3851 0.0478843117 332184 4.130460192 0.505 0 
12.84125 93042 8989.495656 80326 -2 3540 0.04407041307 331809 4.130779573 0.506 0 
12.841 93043 8989.495656 80334 2 3033 0.0377548734 331844 4.130803894 0.506 0 
12.84075 93043 8989.495656 80361 -1 2522 0.03138338249 331848 4.129465786 0.506 0 
12.840625 93044 8989.495656 80327 2 2310 0.02875745391 332228 4.135944328 0.505 0 
12.840375 93045 8989.495656 80383 0 2019 0.02511725116 332228 4.133062961 0.505 0 
12.84025 93045 8989.495656 80325 0 1949 0.02426392779 332527 4.139769686 0.505 0 
12.84 93046 8989.495656 80299 -2 1848 0.02301398523 332672 4.142915852 0.506 0 
12.83975 93047 8989.495656 80299 -2 1592 0.0198259007 332723 4.143550978 0.506 0 
12.839625 93047 8989.495656 80293 0 1481 0.01844494539 332851 4.145454772 0.505 0 
12.839375 93048 8989.495656 80362 3 1505 0.0187277569 332887 4.142343396 0.506 0 
12.83925 93049 8989.495656 80327 2 1557 0.01938327088 332857 4.14377482 0.506 0 
12.839 93049 8989.495656 80364 0 1422 0.01769449007 333009 4.143758399 0.505 0 
12.83875 93050 8989.495656 80301 -1 1273 0.01585285364 333284 4.150433992 0.507 0 
12.838625 93051 8989.495656 80310 -2 1318 0.0164114058 333457 4.152123023 0.506 0 
12.838375 93051 8989.495656 80285 0 1308 0.01629195989 333446 4.153278944 0.505 0 
12.83825 93052 8989.495656 80293 -2 1277 0.01590425068 333837 4.157734796 0.506 0 
12.838 93053 8989.495656 80305 4 1204 0.0149928398 334301 4.162891476 0.506 0 
12.83775 93053 8989.495656 80283 0 1154 0.01437415144 334689 4.16886514 0.506 0 
12.837625 93054 8989.495656 80272 1 1189 0.01481213873 335093 4.174469304 0.506 0 
12.837375 93055 8989.495656 80286 0 1179 0.01468500112 335535 4.179246693 0.506 0 
12.83725 93055 8989.495656 80261 2 1150 0.01432825407 335446 4.179439578 0.505 0 
12.837 93056 8989.495656 80260 5 1096 0.01365561924 335862 4.184674807 0.506 0 

