#S 13587 ascan omega 14.8034 14.8434 40 0.5
#U p23user
#D Sun Jun 13 12:52:24 2021
#C Acquisition started at Sun Jun 13 12:52:24 2021
#O0 atten  attenpos  avg_beamcurrent  dcm_exitoffset  dcmbragg  diffractometer_h  diffractometer_k  diffractometer_l
#O1 gx  gy  gz  lmbd_compressionrate  lmbd_delaytime  lmbd_depth  lmbd_distortioncorrection  lmbd_energythreshold
#O2 lmbd_filestartnum  lmbd_framenumbers  lmbd_framesperfile  lmbd_height  lmbd_latestimagenumber  lmbd_shuttertime  lmbd_shuttertimemax  lmbd_shuttertimemin
#O3 lmbd_threadno  lmbd_totallossframes  lmbd_triggermode  lmbd_width  mnchrmtr  mono1roll  mono2par  mono2perp
#O4 mono2pitch  mono2roll  mono_height  monotrans  monoyaw  monoz1  monoz2  monoz3
#O5 ohsl1b  ohsl1h  ohsl1hgap  ohsl1l  ohsl1r  ohsl1t  ohsl1v  ohsl1vgap
#O6 ohsl2b  ohsl2h  ohsl2hgap  ohsl2l  ohsl2r  ohsl2t  ohsl2v  ohsl2vgap
#O7 phi  ps1v  ps1vg  ps2l  ps2r  ps2v  ps2vg  sl3b
#O8 sl3h  sl3hgap  sl3l  sl3r  sl3t  sl3v  sl3vgap  sl4b
#O9 sl4h  sl4hgap  sl4l  sl4r  sl4t  sl4v  sl4vgap  source_energy
#O10 und_en  undulator_gap  undulator_harmonic  undulator_phase  undulator_taper
#P0 1.0 0.0 94.65742492675781 20.7 23.43595159971357 1.0000019859218223 4.433994945693491e-08 8.994583480909453e-05
#P1 -0.8900000000000006 -3.0 -0.71798828125 2 0.0 24 1 2300.0
#P2 0 1 1 516 -1 1000.0 2147483647.0 0.0
#P3 0 0 0 1556 4970.999996166415 0.0 26.023062499999995 11.216999999999999
#P4 0.06485081585081587 0.0295 3.906075 -21.0 -0.01 3.906075 3.9 3.9
#P5 19.95 0.60665 2.0 1.6066500000000001 -0.3933500000000001 22.95 21.45 3.0
#P6 19.45 -10.084000000000001 3.9999999999999964 -8.084000000000003 -12.084 23.450000000000003 21.450000000000003 4.0000000000000036
#P7 -0.160000000000025 0.38572000000000006 1.0 1.7031499999999995 0.4837600000000002 0.38651499999999994 0.8000000000000007 -0.09999999999999787
#P8 3.552713678800501e-15 0.20000000000000995 0.10000000000000853 -0.10000000000000142 0.09999999999999432 -1.7763568394002505e-15 0.19999999999999218 -2.043199999999999
#P9 -0.5645000000000024 4.0 1.4354999999999976 -2.5645000000000024 1.9567999999999977 -0.04320000000000057 3.9999999999999964 6.083441734313965
#P10 4921.10205078125 14.852999687194824 1 0.0 0.0
#N 13
#L Pt_No  omega  eh_c01  eh_t01  sl_mon_b_vol  sl_mon_t_vol  lmbd_countsroi1  lmbd_countsroi1_atten  lmbd_countsroi2  lmbd_countsroi2_atten  lmbd_countsroi3  lmbd_countsroi3_atten  dt
0 14.803831250000002 7973.0 0.5 0.035703125 0.03078125 168.0 168.0 1106.0 1106.0 254.0 254.0 0.5370931625366211
1 14.804981250000004 7932.0 0.5 0.03578125 0.033125 185.0 185.0 760.0 760.0 213.0 213.0 1.1887762546539307
2 14.806203125000003 8012.0 0.5 0.034921875 0.0340625 236.0 236.0 866.0 866.0 207.0 207.0 1.8089659214019775
3 14.80742500000001 8207.0 0.5 0.03453125 0.034921875 320.0 320.0 1068.0 1068.0 236.0 236.0 2.4454588890075684
4 14.808437500000004 8170.0 0.5 0.033125 0.03328125 351.0 351.0 1233.0 1233.0 229.0 229.0 2.9925570487976074
5 14.809625000000004 8021.0 0.5 0.03328125 0.03515625 458.0 458.0 1271.0 1271.0 232.0 232.0 3.5782291889190674
6 14.810728125000004 8104.0 0.5 0.034921875 0.03453125 555.0 555.0 1355.0 1355.0 241.0 241.0 4.17755126953125
7 14.811831250000004 8086.0 0.5 0.032109375 0.034453125 759.0 759.0 1674.0 1674.0 199.0 199.0 4.791040420532227
8 14.813031250000009 8110.0 0.5 0.033359375000000004 0.033515625 923.0 923.0 1833.0 1833.0 210.0 210.0 5.426118850708008
9 14.814412500000003 8025.0 0.5 0.035703125 0.034453125 1334.0 1334.0 2327.0 2327.0 247.0 247.0 6.086339950561523
10 14.815606250000009 8019.0 0.5 0.03671875 0.033984375000000004 1966.0 1966.0 3101.0 3101.0 190.0 190.0 6.765894174575806
11 14.816984375000004 8138.0 0.5 0.035546875 0.032109375 3427.0 3427.0 4699.0 4699.0 196.0 196.0 7.424100875854492
12 14.818396875000005 7989.0 0.5 0.035937500000000004 0.033828125 5185.0 5185.0 6573.0 6573.0 205.0 205.0 8.149565935134888
13 14.819581250000006 8097.0 0.5 0.036484375 0.03203125 9087.0 9087.0 10179.0 10179.0 230.0 230.0 8.844311475753784
14 14.820953125000003 8201.0 0.5 0.03671875 0.031796875 15414.0 15414.0 16359.0 16359.0 231.0 231.0 9.49072527885437
15 14.822143750000002 8062.0 0.5 0.036171875 0.031640625 20754.0 20754.0 21611.0 21611.0 206.0 206.0 10.140047073364258
16 14.823153125000005 8031.0 0.5 0.0375 0.032890625 18617.0 18617.0 19229.0 19229.0 219.0 219.0 10.701207637786865
17 14.824375000000003 7954.0 0.5 0.037734375 0.032734375 12254.0 12254.0 12827.0 12827.0 210.0 210.0 11.328002214431763
18 14.825778125000006 7987.0 0.5 0.034453125 0.034609375 7027.0 7027.0 7527.0 7527.0 245.0 245.0 12.009375810623169
19 14.826959375000001 8145.0 0.5 0.0340625 0.03375 4521.0 4521.0 5026.0 5026.0 212.0 212.0 12.627376317977905
20 14.828153125000007 8100.0 0.5 0.035 0.032265625 2783.0 2783.0 3322.0 3322.0 251.0 251.0 13.325719356536865
21 14.829340625000007 8122.0 0.5 0.033203125 0.0325 2100.0 2100.0 2518.0 2518.0 169.0 169.0 13.89418363571167
22 14.830534375000006 7962.0 0.5 0.0346875 0.033125 1656.0 1656.0 2011.0 2011.0 223.0 223.0 14.492048978805542
23 14.831531250000005 7982.0 0.5 0.03578125 0.032578125 1278.0 1278.0 1581.0 1581.0 262.0 262.0 15.096945762634277
24 14.832731250000009 8184.0 0.5 0.034609375 0.0340625 978.0 978.0 1330.0 1330.0 222.0 222.0 15.716325998306274
25 14.83386250000001 8104.0 0.5 0.035625000000000004 0.033203125 881.0 881.0 1222.0 1222.0 235.0 235.0 16.274975061416626
26 14.834962500000003 8050.0 0.5 0.036015625 0.033203125 746.0 746.0 1092.0 1092.0 243.0 243.0 16.847055435180664
27 14.836156250000002 8169.0 0.5 0.034609375 0.034453125 631.0 631.0 935.0 935.0 209.0 209.0 17.44703221321106
28 14.837362500000005 7938.0 0.5 0.03484375 0.03328125 503.0 503.0 834.0 834.0 240.0 240.0 18.08757472038269
29 14.838475000000003 7987.0 0.5 0.036484375 0.03421875 421.0 421.0 721.0 721.0 221.0 221.0 18.701318502426147
30 14.839575000000004 8099.0 0.5 0.03640625 0.033359375000000004 370.0 370.0 651.0 651.0 231.0 231.0 19.285930156707764
31 14.840771875000009 7982.0 0.5 0.03640625 0.033359375000000004 337.0 337.0 698.0 698.0 185.0 185.0 19.861594200134277
32 14.84178750000001 8213.0 0.5 0.033046875 0.034453125 299.0 299.0 596.0 596.0 228.0 228.0 20.434034824371338
33 14.842746875000003 8066.0 0.5 0.03625 0.033984375000000004 301.0 301.0 630.0 630.0 241.0 241.0 21.004995346069336
