#S 13580 ascan omega 14.8251 14.8651 40 0.5
#U p23user
#D Sun Jun 13 12:47:53 2021
#C Acquisition started at Sun Jun 13 12:47:53 2021
#O0 atten  attenpos  avg_beamcurrent  dcm_exitoffset  dcmbragg  diffractometer_h  diffractometer_k  diffractometer_l
#O1 gx  gy  gz  lmbd_compressionrate  lmbd_delaytime  lmbd_depth  lmbd_distortioncorrection  lmbd_energythreshold
#O2 lmbd_filestartnum  lmbd_framenumbers  lmbd_framesperfile  lmbd_height  lmbd_latestimagenumber  lmbd_shuttertime  lmbd_shuttertimemax  lmbd_shuttertimemin
#O3 lmbd_threadno  lmbd_totallossframes  lmbd_triggermode  lmbd_width  mnchrmtr  mono1roll  mono2par  mono2perp
#O4 mono2pitch  mono2roll  mono_height  monotrans  monoyaw  monoz1  monoz2  monoz3
#O5 ohsl1b  ohsl1h  ohsl1hgap  ohsl1l  ohsl1r  ohsl1t  ohsl1v  ohsl1vgap
#O6 ohsl2b  ohsl2h  ohsl2hgap  ohsl2l  ohsl2r  ohsl2t  ohsl2v  ohsl2vgap
#O7 phi  ps1v  ps1vg  ps2l  ps2r  ps2v  ps2vg  sl3b
#O8 sl3h  sl3hgap  sl3l  sl3r  sl3t  sl3v  sl3vgap  sl4b
#O9 sl4h  sl4hgap  sl4l  sl4r  sl4t  sl4v  sl4vgap  source_energy
#O10 und_en  undulator_gap  undulator_harmonic  undulator_phase  undulator_taper
#P0 1.0 0.0 94.47335815429688 20.7 23.470978693366963 1.0000013119105888 4.4339911152445496e-08 8.994579136889407e-05
#P1 -0.8900000000000006 -3.0 -0.71798828125 2 0.0 24 1 2300.0
#P2 0 1 1 516 -1 1000.0 2147483647.0 0.0
#P3 0 0 0 1556 4964.000911504101 0.0 25.986437499999994 11.220093749999998
#P4 0.06485081585081587 0.0295 3.906075 -21.0 -0.01 3.906075 3.9 3.9
#P5 19.95 0.60665 2.0 1.6066500000000001 -0.3933500000000001 22.95 21.45 3.0
#P6 19.45 -10.084000000000001 3.9999999999999964 -8.084000000000003 -12.084 23.450000000000003 21.450000000000003 4.0000000000000036
#P7 -0.160000000000025 0.38572000000000006 1.0 1.7031499999999995 0.4837600000000002 0.38651499999999994 0.8000000000000007 -0.09999999999999787
#P8 3.552713678800501e-15 0.20000000000000995 0.10000000000000853 -0.10000000000000142 0.09999999999999432 -1.7763568394002505e-15 0.19999999999999218 -2.043199999999999
#P9 -0.5645000000000024 4.0 1.4354999999999976 -2.5645000000000024 1.9567999999999977 -0.04320000000000057 3.9999999999999964 6.083441734313965
#P10 4913.78564453125 14.84000015258789 1 0.0 0.0
#N 13
#L Pt_No  omega  eh_c01  eh_t01  sl_mon_b_vol  sl_mon_t_vol  lmbd_countsroi1  lmbd_countsroi1_atten  lmbd_countsroi2  lmbd_countsroi2_atten  lmbd_countsroi3  lmbd_countsroi3_atten  dt
0 14.825500000000005 7954.0 0.5 0.03265625 0.0340625 324.0 324.0 1416.0 1416.0 198.0 198.0 0.5248129367828369
1 14.826643750000002 7962.0 0.5 0.033046875 0.033046875 354.0 354.0 1318.0 1318.0 205.0 205.0 1.1411340236663818
2 14.827659375000003 7925.0 0.5 0.0321875 0.03265625 449.0 449.0 1531.0 1531.0 245.0 245.0 1.7028300762176514
3 14.828690625 7877.0 0.5 0.033203125 0.034296875 507.0 507.0 1623.0 1623.0 205.0 205.0 2.263880729675293
4 14.829837500000004 7772.0 0.5 0.032421875 0.035390625 634.0 634.0 1819.0 1819.0 244.0 244.0 2.8424808979034424
5 14.831134375000005 7839.0 0.5 0.0321875 0.03421875 799.0 799.0 1919.0 1919.0 244.0 244.0 3.4830985069274902
6 14.832231250000007 7907.0 0.5 0.034453125 0.03515625 997.0 997.0 2329.0 2329.0 214.0 214.0 4.096773624420166
7 14.833328125000001 7985.0 0.5 0.033046875 0.035 1254.0 1254.0 2672.0 2672.0 248.0 248.0 4.683776617050171
8 14.834434375 7938.0 0.5 0.03578125 0.032421875 1686.0 1686.0 3251.0 3251.0 227.0 227.0 5.24439263343811
9 14.83555625000001 7813.0 0.5 0.033125 0.033359375000000004 2191.0 2191.0 3921.0 3921.0 211.0 211.0 5.853668212890625
10 14.83677812500001 7803.0 0.5 0.032265625 0.03296875 3082.0 3082.0 4917.0 4917.0 207.0 207.0 6.4746410846710205
11 14.837959375000004 7972.0 0.5 0.034453125 0.0340625 4919.0 4919.0 6975.0 6975.0 251.0 251.0 7.1258461475372314
12 14.839159375000001 7855.0 0.5 0.031953125 0.035859375 6901.0 6901.0 8927.0 8927.0 234.0 234.0 7.685485601425171
13 14.840178125000001 7997.0 0.5 0.035078125 0.034296875 10568.0 10568.0 12601.0 12601.0 191.0 191.0 8.257135391235352
14 14.841368750000008 7811.0 0.5 0.03421875 0.03453125 17811.0 17811.0 19583.0 19583.0 196.0 196.0 8.855034589767456
15 14.842562500000007 7982.0 0.5 0.03359375 0.033046875 30398.0 30398.0 31914.0 31914.0 214.0 214.0 9.50909161567688
16 14.843771875000009 7893.0 0.5 0.03390625 0.033671875000000004 37738.0 37738.0 38911.0 38911.0 203.0 203.0 10.10200834274292
17 14.844987500000002 7854.0 0.5 0.031406250000000004 0.03390625 33225.0 33225.0 34222.0 34222.0 206.0 206.0 10.719703674316406
18 14.845993750000005 7924.0 0.5 0.033984375000000004 0.03390625 21823.0 21823.0 22685.0 22685.0 227.0 227.0 11.323759078979492
19 14.8472 7988.0 0.5 0.0334375 0.0334375 12762.0 12762.0 13478.0 13478.0 219.0 219.0 11.964992046356201
20 14.84840937500001 7825.0 0.5 0.03234375 0.03421875 8219.0 8219.0 8926.0 8926.0 233.0 233.0 12.570648193359375
21 14.849646875000005 7966.0 0.5 0.03359375 0.03453125 5561.0 5561.0 6114.0 6114.0 237.0 237.0 13.186161041259766
22 14.850771875 8010.0 0.5 0.034375 0.03453125 3985.0 3985.0 4565.0 4565.0 238.0 238.0 13.784594058990479
23 14.851868750000008 7928.0 0.5 0.032421875 0.034375 3100.0 3100.0 3614.0 3614.0 235.0 235.0 14.392544507980347
24 14.853065625000006 8038.0 0.5 0.031718750000000004 0.0328125 2429.0 2429.0 2905.0 2905.0 240.0 240.0 14.954399824142456
25 14.854275000000001 7920.0 0.5 0.033046875 0.034140625 1887.0 1887.0 2381.0 2381.0 236.0 236.0 15.6301908493042
26 14.855475000000006 7859.0 0.5 0.03296875 0.033125 1502.0 1502.0 1938.0 1938.0 215.0 215.0 16.24290633201599
27 14.856665625000005 7983.0 0.5 0.031875 0.03453125 1263.0 1263.0 1737.0 1737.0 245.0 245.0 16.841979026794434
28 14.85786562500001 7963.0 0.5 0.034765625 0.034140625 1094.0 1094.0 1553.0 1553.0 215.0 215.0 17.487677335739136
29 14.859068750000006 7865.0 0.5 0.035859375 0.034453125 985.0 985.0 1432.0 1432.0 257.0 257.0 18.09546184539795
30 14.860062500000005 7989.0 0.5 0.0309375 0.035 817.0 817.0 1203.0 1203.0 218.0 218.0 18.649224758148193
31 14.861259375000003 7946.0 0.5 0.033046875 0.034609375 684.0 684.0 1038.0 1038.0 247.0 247.0 19.289183378219604
32 14.862450000000003 7816.0 0.5 0.03390625 0.035703125 613.0 613.0 1002.0 1002.0 247.0 247.0 19.869300603866577
33 14.863446875000001 7788.0 0.5 0.031484375 0.03359375 558.0 558.0 996.0 996.0 225.0 225.0 20.421008348464966
34 14.864581250000008 7957.0 0.5 0.032578125 0.035390625 509.0 509.0 1033.0 1033.0 214.0 214.0 21.033833503723145
