#S 13534 ascan omega 14.7786 14.8186 40 0.5
#U p23user
#D Sun Jun 13 12:14:45 2021
#C Acquisition started at Sun Jun 13 12:14:45 2021
#O0 atten  attenpos  avg_beamcurrent  dcm_exitoffset  dcmbragg  diffractometer_h  diffractometer_k  diffractometer_l
#O1 gx  gy  gz  lmbd_compressionrate  lmbd_delaytime  lmbd_depth  lmbd_distortioncorrection  lmbd_energythreshold
#O2 lmbd_filestartnum  lmbd_framenumbers  lmbd_framesperfile  lmbd_height  lmbd_latestimagenumber  lmbd_shuttertime  lmbd_shuttertimemax  lmbd_shuttertimemin
#O3 lmbd_threadno  lmbd_totallossframes  lmbd_triggermode  lmbd_width  mnchrmtr  mono1roll  mono2par  mono2perp
#O4 mono2pitch  mono2roll  mono_height  monotrans  monoyaw  monoz1  monoz2  monoz3
#O5 ohsl1b  ohsl1h  ohsl1hgap  ohsl1l  ohsl1r  ohsl1t  ohsl1v  ohsl1vgap
#O6 ohsl2b  ohsl2h  ohsl2hgap  ohsl2l  ohsl2r  ohsl2t  ohsl2v  ohsl2vgap
#O7 phi  ps1v  ps1vg  ps2l  ps2r  ps2v  ps2vg  sl3b
#O8 sl3h  sl3hgap  sl3l  sl3r  sl3t  sl3v  sl3vgap  sl4b
#O9 sl4h  sl4hgap  sl4l  sl4r  sl4t  sl4v  sl4vgap  source_energy
#O10 und_en  undulator_gap  undulator_harmonic  undulator_phase  undulator_taper
#P0 1.0 0.0 94.50104522705078 20.7 23.39604711229131 1.0000000550773336 2.4662330991819754e-06 9.255987193006521e-05
#P1 -0.8900000000000006 -3.0 -0.71798828125 2 0.0 24 1 2300.0
#P2 0 1 1 516 -1 500.0 2147483647.0 0.0
#P3 0 0 0 1556 4979.000683034391 0.0 26.064999999999998 11.213499999999998
#P4 0.06485081585081587 0.0295 3.906075 -21.0 -0.01 3.906075 3.9 3.9
#P5 19.95 0.60665 2.0 1.6066500000000001 -0.3933500000000001 22.95 21.45 3.0
#P6 19.45 -10.084000000000001 3.9999999999999964 -8.084000000000003 -12.084 23.450000000000003 21.450000000000003 4.0000000000000036
#P7 0.0 0.38572000000000006 1.0 1.7031499999999995 0.4837600000000002 0.38651499999999994 0.8000000000000007 -0.09999999999999787
#P8 3.552713678800501e-15 0.20000000000000995 0.10000000000000853 -0.10000000000000142 0.09999999999999432 -1.7763568394002505e-15 0.19999999999999218 -2.043199999999999
#P9 -0.5645000000000024 4.0 1.4354999999999976 -2.5645000000000024 1.9567999999999977 -0.04320000000000057 3.9999999999999964 6.083441734313965
#P10 4928.421875 14.866000175476074 1 0.0 0.0
#N 13
#L Pt_No  omega  eh_c01  eh_t01  sl_mon_b_vol  sl_mon_t_vol  lmbd_countsroi1  lmbd_countsroi1_atten  lmbd_countsroi2  lmbd_countsroi2_atten  lmbd_countsroi3  lmbd_countsroi3_atten  dt
0 14.77900312500001 8172.0 0.5 0.035078125 0.034140625 68.0 68.0 640.0 640.0 278.0 278.0 0.5527851581573486
1 14.780153125000005 8197.0 0.5 0.036875 0.034921875 74.0 74.0 455.0 455.0 249.0 249.0 1.1487274169921875
2 14.781168750000006 8159.0 0.5 0.0340625 0.0340625 75.0 75.0 426.0 426.0 224.0 224.0 1.708207368850708
3 14.78239687500001 8034.0 0.5 0.03421875 0.0328125 94.0 94.0 493.0 493.0 221.0 221.0 2.3237879276275635
4 14.783400000000007 8146.0 0.5 0.03515625 0.03578125 112.0 112.0 537.0 537.0 250.0 250.0 2.873091459274292
5 14.784493750000003 8244.0 0.5 0.035 0.033671875000000004 145.0 145.0 538.0 538.0 273.0 273.0 3.4485154151916504
6 14.785603125000002 8157.0 0.5 0.03453125 0.03328125 185.0 185.0 622.0 622.0 197.0 197.0 4.056980133056641
7 14.786712500000007 8012.0 0.5 0.035312500000000004 0.03390625 196.0 196.0 709.0 709.0 206.0 206.0 4.61185884475708
8 14.787925000000008 8144.0 0.5 0.03609375 0.035625000000000004 301.0 301.0 791.0 791.0 220.0 220.0 5.233224153518677
9 14.789046875000004 8088.0 0.5 0.033046875 0.0328125 429.0 429.0 996.0 996.0 240.0 240.0 5.804348945617676
10 14.790259374999998 7982.0 0.5 0.0340625 0.034609375 593.0 593.0 1160.0 1160.0 238.0 238.0 6.446423768997192
11 14.791278124999998 8060.0 0.5 0.032734375 0.035078125 730.0 730.0 1360.0 1360.0 215.0 215.0 6.995019435882568
12 14.792378125000006 8130.0 0.5 0.033125 0.03390625 1404.0 1404.0 2174.0 2174.0 225.0 225.0 7.568491220474243
13 14.793478125 8068.0 0.5 0.03421875 0.035312500000000004 1991.0 1991.0 2805.0 2805.0 250.0 250.0 8.158080816268921
14 14.79468437500001 8055.0 0.5 0.03515625 0.03703125 2448.0 2448.0 3115.0 3115.0 245.0 245.0 8.748498439788818
15 14.795690625000006 8097.0 0.5 0.033515625 0.033828125 3524.0 3524.0 4173.0 4173.0 226.0 226.0 9.273505687713623
16 14.796700000000001 8230.0 0.5 0.033046875 0.034140625 5748.0 5748.0 6282.0 6282.0 242.0 242.0 9.833173990249634
17 14.797903125000005 8045.0 0.5 0.0325 0.03390625 7531.0 7531.0 8013.0 8013.0 202.0 202.0 10.438848733901978
18 14.799021875000001 8044.0 0.5 0.0340625 0.03375 7385.0 7385.0 7746.0 7746.0 219.0 219.0 11.040199756622314
19 14.800109375000005 8065.0 0.5 0.033046875 0.03578125 5153.0 5153.0 5527.0 5527.0 234.0 234.0 11.640178918838501
20 14.801493750000006 8015.0 0.5 0.0340625 0.035078125 2903.0 2903.0 3360.0 3360.0 230.0 230.0 12.299176692962646
21 14.802687500000005 8086.0 0.5 0.033125 0.034921875 1743.0 1743.0 2070.0 2070.0 233.0 233.0 12.951707363128662
22 14.803868750000007 8026.0 0.5 0.035625000000000004 0.034375 1172.0 1172.0 1489.0 1489.0 229.0 229.0 13.537243604660034
23 14.804953125000004 8067.0 0.5 0.034609375 0.03375 906.0 906.0 1238.0 1238.0 247.0 247.0 14.13879656791687
24 14.806050000000006 8040.0 0.5 0.033125 0.033984375000000004 673.0 673.0 982.0 982.0 211.0 211.0 14.682913064956665
25 14.807043750000005 8096.0 0.5 0.034375 0.034296875 537.0 537.0 785.0 785.0 240.0 240.0 15.26951265335083
26 14.808234375000005 8085.0 0.5 0.033046875 0.03359375 431.0 431.0 715.0 715.0 213.0 213.0 15.880913257598877
27 14.80945625000001 8092.0 0.5 0.033046875 0.035703125 361.0 361.0 695.0 695.0 215.0 215.0 16.507462978363037
28 14.810668750000005 8001.0 0.5 0.033125 0.03375 253.0 253.0 530.0 530.0 199.0 199.0 17.100785493850708
29 14.811690625000004 7953.0 0.5 0.031796875 0.035546875 221.0 221.0 511.0 511.0 234.0 234.0 17.638932704925537
30 14.812700000000007 8197.0 0.5 0.0321875 0.034609375 241.0 241.0 501.0 501.0 238.0 238.0 18.18340492248535
31 14.813793750000002 8201.0 0.5 0.033125 0.0346875 202.0 202.0 468.0 468.0 213.0 213.0 18.7655086517334
32 14.815065625000003 8054.0 0.5 0.03359375 0.034375 162.0 162.0 426.0 426.0 217.0 217.0 19.40905785560608
33 14.816240625000006 8214.0 0.5 0.035078125 0.034609375 154.0 154.0 446.0 446.0 203.0 203.0 19.999738931655884
34 14.817337500000008 8087.0 0.5 0.034609375 0.033046875 134.0 134.0 367.0 367.0 237.0 237.0 20.62186288833618
35 14.818334375 8053.0 0.5 0.033203125 0.035937500000000004 98.0 98.0 402.0 402.0 224.0 224.0 21.139031410217285
