#S 13573 ascan omega 14.8468 14.8868 40 0.5
#U p23user
#D Sun Jun 13 12:43:22 2021
#C Acquisition started at Sun Jun 13 12:43:22 2021
#O0 atten  attenpos  avg_beamcurrent  dcm_exitoffset  dcmbragg  diffractometer_h  diffractometer_k  diffractometer_l
#O1 gx  gy  gz  lmbd_compressionrate  lmbd_delaytime  lmbd_depth  lmbd_distortioncorrection  lmbd_energythreshold
#O2 lmbd_filestartnum  lmbd_framenumbers  lmbd_framesperfile  lmbd_height  lmbd_latestimagenumber  lmbd_shuttertime  lmbd_shuttertimemax  lmbd_shuttertimemin
#O3 lmbd_threadno  lmbd_totallossframes  lmbd_triggermode  lmbd_width  mnchrmtr  mono1roll  mono2par  mono2perp
#O4 mono2pitch  mono2roll  mono_height  monotrans  monoyaw  monoz1  monoz2  monoz3
#O5 ohsl1b  ohsl1h  ohsl1hgap  ohsl1l  ohsl1r  ohsl1t  ohsl1v  ohsl1vgap
#O6 ohsl2b  ohsl2h  ohsl2hgap  ohsl2l  ohsl2r  ohsl2t  ohsl2v  ohsl2vgap
#O7 phi  ps1v  ps1vg  ps2l  ps2r  ps2v  ps2vg  sl3b
#O8 sl3h  sl3hgap  sl3l  sl3r  sl3t  sl3v  sl3vgap  sl4b
#O9 sl4h  sl4hgap  sl4l  sl4r  sl4t  sl4v  sl4vgap  source_energy
#O10 und_en  undulator_gap  undulator_harmonic  undulator_phase  undulator_taper
#P0 1.0 0.0 94.24610137939453 20.7 23.50611961609809 1.0000012139128347 4.924540495044412e-08 9.01184222511765e-05
#P1 -0.8900000000000006 -3.0 -0.71798828125 2 0.0 24 1 2300.0
#P2 0 1 1 516 -1 1000.0 2147483647.0 0.0
#P3 0 0 0 1556 4956.999772742772 0.0 25.949812499999993 11.223187499999998
#P4 0.06485081585081587 0.0295 3.906075 -21.0 -0.01 3.906075 3.9 3.9
#P5 19.95 0.60665 2.0 1.6066500000000001 -0.3933500000000001 22.95 21.45 3.0
#P6 19.45 -10.084000000000001 3.9999999999999964 -8.084000000000003 -12.084 23.450000000000003 21.450000000000003 4.0000000000000036
#P7 -0.160000000000025 0.38572000000000006 1.0 1.7031499999999995 0.4837600000000002 0.38651499999999994 0.8000000000000007 -0.09999999999999787
#P8 3.552713678800501e-15 0.20000000000000995 0.10000000000000853 -0.10000000000000142 0.09999999999999432 -1.7763568394002505e-15 0.19999999999999218 -2.043199999999999
#P9 -0.5645000000000024 4.0 1.4354999999999976 -2.5645000000000024 1.9567999999999977 -0.04320000000000057 3.9999999999999964 6.083441734313965
#P10 4907.0322265625 14.82800006866455 1 0.0 0.0
#N 13
#L Pt_No  omega  eh_c01  eh_t01  sl_mon_b_vol  sl_mon_t_vol  lmbd_countsroi1  lmbd_countsroi1_atten  lmbd_countsroi2  lmbd_countsroi2_atten  lmbd_countsroi3  lmbd_countsroi3_atten  dt
0 14.847212500000005 7573.0 0.5 0.033671875000000004 0.031953125 225.0 225.0 1244.0 1244.0 237.0 237.0 0.5196676254272461
1 14.848137500000007 7590.0 0.5 0.034296875 0.033515625 273.0 273.0 1086.0 1086.0 234.0 234.0 1.0863826274871826
2 14.849246875000006 7692.0 0.5 0.03390625 0.03265625 269.0 269.0 1159.0 1159.0 225.0 225.0 1.64378023147583
3 14.850356250000004 7548.0 0.5 0.034140625 0.031796875 375.0 375.0 1268.0 1268.0 212.0 212.0 2.1994800567626953
4 14.851362500000008 7798.0 0.5 0.031718750000000004 0.03328125 450.0 450.0 1409.0 1409.0 195.0 195.0 2.7683684825897217
5 14.852550000000008 7635.0 0.5 0.03265625 0.033125 582.0 582.0 1542.0 1542.0 225.0 225.0 3.34047532081604
6 14.853740625 7684.0 0.5 0.03390625 0.0334375 725.0 725.0 1734.0 1734.0 236.0 236.0 3.984832525253296
7 14.854837500000002 7574.0 0.5 0.0334375 0.03328125 911.0 911.0 1981.0 1981.0 220.0 220.0 4.5701117515563965
8 14.855943750000009 7807.0 0.5 0.0334375 0.03375 1150.0 1150.0 2393.0 2393.0 250.0 250.0 5.141793489456177
9 14.857137500000007 7732.0 0.5 0.03453125 0.03375 1602.0 1602.0 2782.0 2782.0 251.0 251.0 5.756080150604248
10 14.858234375000002 7623.0 0.5 0.03359375 0.0334375 2190.0 2190.0 3582.0 3582.0 243.0 243.0 6.342134714126587
11 14.859537500000002 7640.0 0.5 0.03390625 0.03203125 3322.0 3322.0 4894.0 4894.0 215.0 215.0 6.995413303375244
12 14.860750000000003 7650.0 0.5 0.032734375 0.03421875 5289.0 5289.0 6933.0 6933.0 240.0 240.0 7.659590482711792
13 14.861850000000004 7502.0 0.5 0.03265625 0.032578125 7738.0 7738.0 9442.0 9442.0 247.0 247.0 8.246488094329834
14 14.862881250000008 7770.0 0.5 0.031640625 0.03375 11969.0 11969.0 13513.0 13513.0 223.0 223.0 8.783421039581299
15 14.864096875000008 7785.0 0.5 0.031406250000000004 0.033515625 20241.0 20241.0 21486.0 21486.0 227.0 227.0 9.405548095703125
16 14.865200000000002 7821.0 0.5 0.032265625 0.03375 27511.0 27511.0 28615.0 28615.0 231.0 231.0 9.96548080444336
17 14.866315625000006 7803.0 0.5 0.034296875 0.03484375 27737.0 27737.0 28562.0 28562.0 206.0 206.0 10.572204113006592
18 14.867584375000007 7911.0 0.5 0.034609375 0.035234375 17988.0 17988.0 18676.0 18676.0 218.0 218.0 11.272604703903198
19 14.868881250000001 7773.0 0.5 0.03453125 0.0346875 10831.0 10831.0 11498.0 11498.0 212.0 212.0 11.911835670471191
20 14.869975000000004 7739.0 0.5 0.032890625 0.03453125 7327.0 7327.0 7906.0 7906.0 252.0 252.0 12.449352741241455
21 14.870968750000003 7904.0 0.5 0.035234375 0.033828125 4927.0 4927.0 5545.0 5545.0 227.0 227.0 13.050297260284424
22 14.872156250000003 7814.0 0.5 0.035 0.0346875 3446.0 3446.0 3902.0 3902.0 201.0 201.0 13.63042402267456
23 14.873559375000006 7743.0 0.5 0.034140625 0.034140625 2419.0 2419.0 2880.0 2880.0 233.0 233.0 14.346374034881592
24 14.874575000000007 7651.0 0.5 0.03359375 0.032265625 1997.0 1997.0 2440.0 2440.0 199.0 199.0 14.922781944274902
25 14.875771875000005 7770.0 0.5 0.03359375 0.0328125 1559.0 1559.0 1980.0 1980.0 227.0 227.0 15.552218675613403
26 14.876978125000008 7708.0 0.5 0.035234375 0.03453125 1295.0 1295.0 1739.0 1739.0 199.0 199.0 16.16706895828247
27 14.878165625000001 7849.0 0.5 0.033203125 0.03265625 1023.0 1023.0 1456.0 1456.0 208.0 208.0 16.793640613555908
28 14.879668750000008 7788.0 0.5 0.033359375000000004 0.033671875000000004 832.0 832.0 1183.0 1183.0 195.0 195.0 17.550607681274414
29 14.880781250000005 7875.0 0.5 0.03390625 0.033984375000000004 763.0 763.0 1132.0 1132.0 227.0 227.0 18.110560417175293
30 14.881909375000006 7891.0 0.5 0.033359375000000004 0.032890625 653.0 653.0 1012.0 1012.0 247.0 247.0 18.740797996520996
31 14.883028125000003 7821.0 0.5 0.034921875 0.032265625 570.0 570.0 952.0 952.0 229.0 229.0 19.340620040893555
32 14.884225000000008 7861.0 0.5 0.035234375 0.033828125 481.0 481.0 844.0 844.0 217.0 217.0 19.90062642097473
33 14.885212500000009 7645.0 0.5 0.033125 0.0334375 412.0 412.0 774.0 774.0 221.0 221.0 20.490434646606445
34 14.886396875000003 7896.0 0.5 0.033203125 0.0340625 362.0 362.0 765.0 765.0 246.0 246.0 21.043303966522217
