#S 13581 ascan omega 14.8220 14.8620 40 0.5
#U p23user
#D Sun Jun 13 12:48:31 2021
#C Acquisition started at Sun Jun 13 12:48:31 2021
#O0 atten  attenpos  avg_beamcurrent  dcm_exitoffset  dcmbragg  diffractometer_h  diffractometer_k  diffractometer_l
#O1 gx  gy  gz  lmbd_compressionrate  lmbd_delaytime  lmbd_depth  lmbd_distortioncorrection  lmbd_energythreshold
#O2 lmbd_filestartnum  lmbd_framenumbers  lmbd_framesperfile  lmbd_height  lmbd_latestimagenumber  lmbd_shuttertime  lmbd_shuttertimemax  lmbd_shuttertimemin
#O3 lmbd_threadno  lmbd_totallossframes  lmbd_triggermode  lmbd_width  mnchrmtr  mono1roll  mono2par  mono2perp
#O4 mono2pitch  mono2roll  mono_height  monotrans  monoyaw  monoz1  monoz2  monoz3
#O5 ohsl1b  ohsl1h  ohsl1hgap  ohsl1l  ohsl1r  ohsl1t  ohsl1v  ohsl1vgap
#O6 ohsl2b  ohsl2h  ohsl2hgap  ohsl2l  ohsl2r  ohsl2t  ohsl2v  ohsl2vgap
#O7 phi  ps1v  ps1vg  ps2l  ps2r  ps2v  ps2vg  sl3b
#O8 sl3h  sl3hgap  sl3l  sl3r  sl3t  sl3v  sl3vgap  sl4b
#O9 sl4h  sl4hgap  sl4l  sl4r  sl4t  sl4v  sl4vgap  source_energy
#O10 und_en  undulator_gap  undulator_harmonic  undulator_phase  undulator_taper
#P0 1.0 0.0 94.79633331298828 20.7 23.46596874910267 1.0000004682357446 4.4339881806005157e-08 8.994572407320396e-05
#P1 -0.8900000000000006 -3.0 -0.71798828125 2 0.0 24 1 2300.0
#P2 0 1 1 516 -1 1000.0 2147483647.0 0.0
#P3 0 0 0 1556 4965.000928205027 0.0 25.991687499999998 11.219656249999998
#P4 0.06485081585081587 0.0295 3.906075 -21.0 -0.01 3.906075 3.9 3.9
#P5 19.95 0.60665 2.0 1.6066500000000001 -0.3933500000000001 22.95 21.45 3.0
#P6 19.45 -10.084000000000001 3.9999999999999964 -8.084000000000003 -12.084 23.450000000000003 21.450000000000003 4.0000000000000036
#P7 -0.160000000000025 0.38572000000000006 1.0 1.7031499999999995 0.4837600000000002 0.38651499999999994 0.8000000000000007 -0.09999999999999787
#P8 3.552713678800501e-15 0.20000000000000995 0.10000000000000853 -0.10000000000000142 0.09999999999999432 -1.7763568394002505e-15 0.19999999999999218 -2.043199999999999
#P9 -0.5645000000000024 4.0 1.4354999999999976 -2.5645000000000024 1.9567999999999977 -0.04320000000000057 3.9999999999999964 6.083469867706299
#P10 4914.91064453125 14.842000007629395 1 0.0 0.0
#N 13
#L Pt_No  omega  eh_c01  eh_t01  sl_mon_b_vol  sl_mon_t_vol  lmbd_countsroi1  lmbd_countsroi1_atten  lmbd_countsroi2  lmbd_countsroi2_atten  lmbd_countsroi3  lmbd_countsroi3_atten  dt
0 14.822381250000007 7982.0 0.5 0.03296875 0.034140625 401.0 401.0 1763.0 1763.0 223.0 223.0 0.5323848724365234
1 14.823518750000005 8040.0 0.5 0.034609375 0.031328125 449.0 449.0 1624.0 1624.0 218.0 218.0 1.1527752876281738
2 14.824525000000001 8003.0 0.5 0.03453125 0.033046875 523.0 523.0 1742.0 1742.0 218.0 218.0 1.71482515335083
3 14.825700000000005 8007.0 0.5 0.0334375 0.034609375 611.0 611.0 1899.0 1899.0 249.0 249.0 2.3010072708129883
4 14.826884375000006 7929.0 0.5 0.032734375 0.0321875 818.0 818.0 2125.0 2125.0 207.0 207.0 2.9476470947265625
5 14.828068750000007 7937.0 0.5 0.03265625 0.03390625 1013.0 1013.0 2462.0 2462.0 230.0 230.0 3.5547902584075928
6 14.829259375000007 7871.0 0.5 0.033671875000000004 0.034453125 1198.0 1198.0 2719.0 2719.0 216.0 216.0 4.153102874755859
7 14.830462500000003 7774.0 0.5 0.034296875 0.034453125 1643.0 1643.0 3319.0 3319.0 227.0 227.0 4.7843756675720215
8 14.83165312500001 7936.0 0.5 0.0334375 0.03328125 2141.0 2141.0 3840.0 3840.0 211.0 211.0 5.407581329345703
9 14.832650000000008 7915.0 0.5 0.033046875 0.03484375 2683.0 2683.0 4666.0 4666.0 210.0 210.0 5.972100496292114
10 14.83384375 7815.0 0.5 0.033828125 0.033828125 3903.0 3903.0 6033.0 6033.0 226.0 226.0 6.542125701904297
11 14.834850000000003 7870.0 0.5 0.0328125 0.034140625 6156.0 6156.0 8620.0 8620.0 221.0 221.0 7.136457920074463
12 14.83603750000001 7997.0 0.5 0.032734375 0.03484375 8899.0 8899.0 11502.0 11502.0 224.0 224.0 7.697383880615234
13 14.837218750000005 8008.0 0.5 0.035625000000000004 0.03375 13239.0 13239.0 15603.0 15603.0 237.0 237.0 8.330376625061035
14 14.838403125000006 7948.0 0.5 0.03375 0.0346875 21798.0 21798.0 23880.0 23880.0 264.0 264.0 8.914024114608765
15 14.839400000000005 8048.0 0.5 0.034140625 0.033828125 33708.0 33708.0 35392.0 35392.0 214.0 214.0 9.452958822250366
16 14.840596875000003 8041.0 0.5 0.032734375 0.035312500000000004 44745.0 44745.0 46104.0 46104.0 215.0 215.0 10.094691038131714
17 14.84178437500001 8035.0 0.5 0.033671875000000004 0.034453125 39665.0 39665.0 40774.0 40774.0 223.0 223.0 10.68694806098938
18 14.842968750000004 7935.0 0.5 0.03359375 0.03546875 24673.0 24673.0 25626.0 25626.0 242.0 242.0 11.35365343093872
19 14.844075000000004 8015.0 0.5 0.03296875 0.035546875 15503.0 15503.0 16319.0 16319.0 207.0 207.0 11.92300534248352
20 14.845168750000006 8036.0 0.5 0.0328125 0.033515625 10173.0 10173.0 10881.0 10881.0 203.0 203.0 12.485036134719849
21 14.846353125000007 8084.0 0.5 0.03359375 0.03359375 7037.0 7037.0 7746.0 7746.0 206.0 206.0 13.069606304168701
22 14.847540625000008 7987.0 0.5 0.03265625 0.03453125 4918.0 4918.0 5551.0 5551.0 188.0 188.0 13.716701745986938
23 14.848728125000008 7923.0 0.5 0.034609375 0.034375 3632.0 3632.0 4170.0 4170.0 216.0 216.0 14.32122015953064
24 14.849743750000002 7895.0 0.5 0.032890625 0.034296875 2947.0 2947.0 3506.0 3506.0 214.0 214.0 14.889112949371338
25 14.850984375000003 8026.0 0.5 0.031718750000000004 0.033359375000000004 2335.0 2335.0 2881.0 2881.0 220.0 220.0 15.504567861557007
26 14.852228125000003 8072.0 0.5 0.033046875 0.03484375 1879.0 1879.0 2316.0 2316.0 203.0 203.0 16.144948720932007
27 14.853325000000005 7991.0 0.5 0.0334375 0.03265625 1583.0 1583.0 2087.0 2087.0 206.0 206.0 16.756988286972046
28 14.854618750000007 8024.0 0.5 0.032421875 0.032265625 1286.0 1286.0 1755.0 1755.0 255.0 255.0 17.40464472770691
29 14.855609375000007 7979.0 0.5 0.030390625 0.034453125 1211.0 1211.0 1642.0 1642.0 226.0 226.0 17.969566106796265
30 14.856706250000002 7953.0 0.5 0.033515625 0.035078125 1031.0 1031.0 1565.0 1565.0 204.0 204.0 18.52821397781372
31 14.857803125000004 8035.0 0.5 0.03203125 0.034453125 898.0 898.0 1339.0 1339.0 252.0 252.0 19.06353211402893
32 14.85880625 8000.0 0.5 0.03296875 0.03546875 797.0 797.0 1193.0 1193.0 237.0 237.0 19.614359378814697
33 14.85990312500001 7853.0 0.5 0.0334375 0.033984375000000004 687.0 687.0 1116.0 1116.0 240.0 240.0 20.18661856651306
34 14.860987500000007 8009.0 0.5 0.03578125 0.03421875 612.0 612.0 1039.0 1039.0 202.0 202.0 20.74977469444275
35 14.861834375000008 7947.0 0.5 0.03265625 0.034375 545.0 545.0 983.0 983.0 201.0 201.0 21.346299648284912
