#S 13548 ascan omega 14.9250 14.9650 40 0.5
#U p23user
#D Sun Jun 13 12:27:07 2021
#C Acquisition started at Sun Jun 13 12:27:07 2021
#O0 atten  attenpos  avg_beamcurrent  dcm_exitoffset  dcmbragg  diffractometer_h  diffractometer_k  diffractometer_l
#O1 gx  gy  gz  lmbd_compressionrate  lmbd_delaytime  lmbd_depth  lmbd_distortioncorrection  lmbd_energythreshold
#O2 lmbd_filestartnum  lmbd_framenumbers  lmbd_framesperfile  lmbd_height  lmbd_latestimagenumber  lmbd_shuttertime  lmbd_shuttertimemax  lmbd_shuttertimemin
#O3 lmbd_threadno  lmbd_totallossframes  lmbd_triggermode  lmbd_width  mnchrmtr  mono1roll  mono2par  mono2perp
#O4 mono2pitch  mono2roll  mono_height  monotrans  monoyaw  monoz1  monoz2  monoz3
#O5 ohsl1b  ohsl1h  ohsl1hgap  ohsl1l  ohsl1r  ohsl1t  ohsl1v  ohsl1vgap
#O6 ohsl2b  ohsl2h  ohsl2hgap  ohsl2l  ohsl2r  ohsl2t  ohsl2v  ohsl2vgap
#O7 phi  ps1v  ps1vg  ps2l  ps2r  ps2v  ps2vg  sl3b
#O8 sl3h  sl3hgap  sl3l  sl3r  sl3t  sl3v  sl3vgap  sl4b
#O9 sl4h  sl4hgap  sl4l  sl4r  sl4t  sl4v  sl4vgap  source_energy
#O10 und_en  undulator_gap  undulator_harmonic  undulator_phase  undulator_taper
#P0 1.0 0.0 94.48900604248047 20.7 23.632496188120715 1.0000018046307126 4.9245448293373024e-08 9.011845847901871e-05
#P1 -0.8900000000000006 -3.0 -0.71798828125 2 0.0 24 1 2300.0
#P2 0 1 1 516 -1 1000.0 2147483647.0 0.0
#P3 0 0 0 1556 4931.999340370227 0.0 25.81893749999999 11.234374999999998
#P4 0.06485081585081587 0.0295 3.906075 -21.0 -0.01 3.906075 3.9 3.9
#P5 19.95 0.60665 2.0 1.6066500000000001 -0.3933500000000001 22.95 21.45 3.0
#P6 19.45 -10.084000000000001 3.9999999999999964 -8.084000000000003 -12.084 23.450000000000003 21.450000000000003 4.0000000000000036
#P7 -0.160000000000025 0.38572000000000006 1.0 1.7031499999999995 0.4837600000000002 0.38651499999999994 0.8000000000000007 -0.09999999999999787
#P8 3.552713678800501e-15 0.20000000000000995 0.10000000000000853 -0.10000000000000142 0.09999999999999432 -1.7763568394002505e-15 0.19999999999999218 -2.043199999999999
#P9 -0.5645000000000024 4.0 1.4354999999999976 -2.5645000000000024 1.9567999999999977 -0.04320000000000057 3.9999999999999964 6.083441734313965
#P10 4882.2822265625 14.784000396728516 1 0.0 0.0
#N 13
#L Pt_No  omega  eh_c01  eh_t01  sl_mon_b_vol  sl_mon_t_vol  lmbd_countsroi1  lmbd_countsroi1_atten  lmbd_countsroi2  lmbd_countsroi2_atten  lmbd_countsroi3  lmbd_countsroi3_atten  dt
0 14.925375000000003 7122.0 0.5 0.032421875 0.033046875 168.0 168.0 801.0 801.0 210.0 210.0 0.5288496017456055
1 14.9262875 7063.0 0.5 0.032578125 0.032734375 175.0 175.0 736.0 736.0 188.0 188.0 1.1007390022277832
2 14.927506250000008 7305.0 0.5 0.03515625 0.03390625 237.0 237.0 891.0 891.0 196.0 196.0 1.6822471618652344
3 14.928625000000004 7210.0 0.5 0.03453125 0.03421875 274.0 274.0 907.0 907.0 199.0 199.0 2.2927565574645996
4 14.929728125000004 7186.0 0.5 0.032109375 0.033359375000000004 349.0 349.0 982.0 982.0 211.0 211.0 2.843519926071167
5 14.930925000000002 7248.0 0.5 0.03375 0.03265625 428.0 428.0 1127.0 1127.0 196.0 196.0 3.5162158012390137
6 14.932137500000003 7058.0 0.5 0.0334375 0.033125 521.0 521.0 1344.0 1344.0 180.0 180.0 4.102780818939209
7 14.933325000000004 7138.0 0.5 0.035 0.03328125 653.0 653.0 1499.0 1499.0 210.0 210.0 4.7185986042022705
8 14.934334375000006 7202.0 0.5 0.034140625 0.033125 864.0 864.0 1781.0 1781.0 211.0 211.0 5.295226097106934
9 14.93553750000001 7148.0 0.5 0.03390625 0.032265625 1206.0 1206.0 2253.0 2253.0 205.0 205.0 5.936535120010376
10 14.936915625000005 7198.0 0.5 0.03078125 0.03296875 1822.0 1822.0 2978.0 2978.0 234.0 234.0 6.628490924835205
11 14.938225000000003 7301.0 0.5 0.0321875 0.03203125 3081.0 3081.0 4378.0 4378.0 203.0 203.0 7.309967517852783
12 14.939503125000002 7108.0 0.5 0.03328125 0.032421875 4495.0 4495.0 5710.0 5710.0 198.0 198.0 7.9701621532440186
13 14.940693750000008 7265.0 0.5 0.033046875 0.0321875 7619.0 7619.0 8856.0 8856.0 218.0 218.0 8.63639760017395
14 14.941875000000003 7242.0 0.5 0.033359375000000004 0.033984375000000004 13810.0 13810.0 14918.0 14918.0 211.0 211.0 9.252474308013916
15 14.943237500000002 6982.0 0.5 0.03390625 0.033828125 20672.0 20672.0 21601.0 21601.0 211.0 211.0 9.90063214302063
16 14.944421875000003 7118.0 0.5 0.03375 0.032734375 20659.0 20659.0 21373.0 21373.0 241.0 241.0 10.530701875686646
17 14.945600000000006 7168.0 0.5 0.033515625 0.03328125 13825.0 13825.0 14395.0 14395.0 215.0 215.0 11.166100978851318
18 14.946778125000002 7321.0 0.5 0.0328125 0.03671875 8308.0 8308.0 8814.0 8814.0 190.0 190.0 11.764177560806274
19 14.94796250000001 7022.0 0.5 0.0334375 0.034140625 4843.0 4843.0 5343.0 5343.0 205.0 205.0 12.396871328353882
20 14.949150000000003 7118.0 0.5 0.03546875 0.03390625 3181.0 3181.0 3568.0 3568.0 211.0 211.0 13.019478559494019
21 14.950356250000006 7198.0 0.5 0.034375 0.03359375 2198.0 2198.0 2563.0 2563.0 207.0 207.0 13.670637369155884
22 14.951543750000006 7144.0 0.5 0.03421875 0.03421875 1652.0 1652.0 1972.0 1972.0 195.0 195.0 14.231915473937988
23 14.952537500000005 7099.0 0.5 0.03328125 0.032109375 1372.0 1372.0 1705.0 1705.0 191.0 191.0 14.786975383758545
24 14.953731250000004 7252.0 0.5 0.034609375 0.033671875000000004 1022.0 1022.0 1358.0 1358.0 179.0 179.0 15.464726686477661
25 14.954921875000004 7331.0 0.5 0.032578125 0.03328125 857.0 857.0 1216.0 1216.0 221.0 221.0 16.004958391189575
26 14.956009375 7277.0 0.5 0.034609375 0.032578125 690.0 690.0 1063.0 1063.0 239.0 239.0 16.614272117614746
27 14.957300000000004 7070.0 0.5 0.032578125 0.03296875 619.0 619.0 910.0 910.0 199.0 199.0 17.264727115631104
28 14.958300000000008 7175.0 0.5 0.031953125 0.033125 476.0 476.0 769.0 769.0 213.0 213.0 17.845142602920532
29 14.959500000000006 7197.0 0.5 0.033671875000000004 0.034296875 446.0 446.0 704.0 704.0 191.0 191.0 18.40494990348816
30 14.960806250000005 7008.0 0.5 0.0303125 0.032265625 371.0 371.0 664.0 664.0 204.0 204.0 19.121235609054565
31 14.96228437500001 7080.0 0.5 0.0325 0.032421875 349.0 349.0 674.0 674.0 186.0 186.0 19.846282720565796
32 14.963381250000005 7321.0 0.5 0.031171875 0.032734375 294.0 294.0 585.0 585.0 222.0 222.0 20.465973138809204
33 14.964490625000003 7172.0 0.5 0.0303125 0.03328125 263.0 263.0 546.0 546.0 217.0 217.0 21.051193237304688
34 14.964996875000004 7305.0 0.5 0.03296875 0.033046875 225.0 225.0 501.0 501.0 184.0 184.0 21.576529264450073
