#S 13594 ascan omega 14.7818 14.8218 40 0.5
#U p23user
#D Sun Jun 13 12:56:55 2021
#C Acquisition started at Sun Jun 13 12:56:55 2021
#O0 atten  attenpos  avg_beamcurrent  dcm_exitoffset  dcmbragg  diffractometer_h  diffractometer_k  diffractometer_l
#O1 gx  gy  gz  lmbd_compressionrate  lmbd_delaytime  lmbd_depth  lmbd_distortioncorrection  lmbd_energythreshold
#O2 lmbd_filestartnum  lmbd_framenumbers  lmbd_framesperfile  lmbd_height  lmbd_latestimagenumber  lmbd_shuttertime  lmbd_shuttertimemax  lmbd_shuttertimemin
#O3 lmbd_threadno  lmbd_totallossframes  lmbd_triggermode  lmbd_width  mnchrmtr  mono1roll  mono2par  mono2perp
#O4 mono2pitch  mono2roll  mono_height  monotrans  monoyaw  monoz1  monoz2  monoz3
#O5 ohsl1b  ohsl1h  ohsl1hgap  ohsl1l  ohsl1r  ohsl1t  ohsl1v  ohsl1vgap
#O6 ohsl2b  ohsl2h  ohsl2hgap  ohsl2l  ohsl2r  ohsl2t  ohsl2v  ohsl2vgap
#O7 phi  ps1v  ps1vg  ps2l  ps2r  ps2v  ps2vg  sl3b
#O8 sl3h  sl3hgap  sl3l  sl3r  sl3t  sl3v  sl3vgap  sl4b
#O9 sl4h  sl4hgap  sl4l  sl4r  sl4t  sl4v  sl4vgap  source_energy
#O10 und_en  undulator_gap  undulator_harmonic  undulator_phase  undulator_taper
#P0 1.0 0.0 94.90970611572266 20.7 23.401029724714903 1.0000018996594167 4.9245447836455705e-08 9.011852710983598e-05
#P1 -0.8900000000000006 -3.0 -0.71798828125 2 0.0 24 1 2300.0
#P2 0 1 1 516 -1 1000.0 2147483647.0 0.0
#P3 0 0 0 1556 4978.001214270713 0.0 26.059749999999994 11.213937499999998
#P4 0.06485081585081587 0.0295 3.906075 -21.0 -0.01 3.906075 3.9 3.9
#P5 19.95 0.60665 2.0 1.6066500000000001 -0.3933500000000001 22.95 21.45 3.0
#P6 19.45 -10.084000000000001 3.9999999999999964 -8.084000000000003 -12.084 23.450000000000003 21.450000000000003 4.0000000000000036
#P7 -0.160000000000025 0.38572000000000006 1.0 1.7031499999999995 0.4837600000000002 0.38651499999999994 0.8000000000000007 -0.09999999999999787
#P8 3.552713678800501e-15 0.20000000000000995 0.10000000000000853 -0.10000000000000142 0.09999999999999432 -1.7763568394002505e-15 0.19999999999999218 -2.043199999999999
#P9 -0.5645000000000024 4.0 1.4354999999999976 -2.5645000000000024 1.9567999999999977 -0.04320000000000057 3.9999999999999964 6.083469867706299
#P10 4927.85791015625 14.864999771118164 1 0.0 0.0
#N 13
#L Pt_No  omega  eh_c01  eh_t01  sl_mon_b_vol  sl_mon_t_vol  lmbd_countsroi1  lmbd_countsroi1_atten  lmbd_countsroi2  lmbd_countsroi2_atten  lmbd_countsroi3  lmbd_countsroi3_atten  dt
0 14.782193750000005 8200.0 0.5 0.03546875 0.032421875 62.0 62.0 919.0 919.0 233.0 233.0 0.5342869758605957
1 14.78313437500001 8322.0 0.5 0.033203125 0.034921875 58.0 58.0 415.0 415.0 212.0 212.0 1.083512783050537
2 14.784268750000003 8134.0 0.5 0.03609375 0.034296875 69.0 69.0 377.0 377.0 232.0 232.0 1.6561005115509033
3 14.78531250000001 8259.0 0.5 0.033984375000000004 0.033828125 77.0 77.0 380.0 380.0 211.0 211.0 2.202115774154663
4 14.786425000000008 8303.0 0.5 0.033359375000000004 0.03515625 93.0 93.0 487.0 487.0 238.0 238.0 2.8160276412963867
5 14.787531250000008 8299.0 0.5 0.035312500000000004 0.0325 130.0 130.0 499.0 499.0 263.0 263.0 3.3595426082611084
6 14.788640625000006 8264.0 0.5 0.031953125 0.033984375000000004 166.0 166.0 525.0 525.0 223.0 223.0 3.9330894947052
7 14.789643750000003 8307.0 0.5 0.035546875 0.0334375 212.0 212.0 553.0 553.0 203.0 203.0 4.499134302139282
8 14.790837500000002 8544.0 0.5 0.035625000000000004 0.033984375000000004 275.0 275.0 715.0 715.0 215.0 215.0 5.0881781578063965
9 14.791937500000003 8342.0 0.5 0.03359375 0.032421875 330.0 330.0 765.0 765.0 264.0 264.0 5.672699213027954
10 14.793062500000005 8351.0 0.5 0.033671875000000004 0.034765625 485.0 485.0 971.0 971.0 229.0 229.0 6.249912738800049
11 14.794096875000001 8535.0 0.5 0.03671875 0.034375 777.0 777.0 1407.0 1407.0 261.0 261.0 6.810547828674316
12 14.79530937500001 8333.0 0.5 0.03484375 0.035546875 1535.0 1535.0 2205.0 2205.0 259.0 259.0 7.4182188510894775
13 14.796543750000005 8293.0 0.5 0.035312500000000004 0.03484375 1745.0 1745.0 2322.0 2322.0 243.0 243.0 8.053868293762207
14 14.797540625000003 8392.0 0.5 0.035703125 0.03359375 2198.0 2198.0 2729.0 2729.0 239.0 239.0 8.625063419342041
15 14.798718750000006 8349.0 0.5 0.03625 0.03578125 3579.0 3579.0 4028.0 4028.0 249.0 249.0 9.246784210205078
16 14.799903125000007 8301.0 0.5 0.03484375 0.0346875 5155.0 5155.0 5564.0 5564.0 236.0 236.0 9.848110914230347
17 14.80111875 8288.0 0.5 0.035703125 0.03265625 5645.0 5645.0 6051.0 6051.0 274.0 274.0 10.488547563552856
18 14.80232812500001 8256.0 0.5 0.034296875 0.033828125 4025.0 4025.0 4369.0 4369.0 244.0 244.0 11.095536947250366
19 14.803521875000008 8237.0 0.5 0.034921875 0.0325 2331.0 2331.0 2668.0 2668.0 204.0 204.0 11.743369340896606
20 14.804734375000002 8206.0 0.5 0.034375 0.033046875 1440.0 1440.0 1697.0 1697.0 244.0 244.0 12.365852355957031
21 14.805856250000005 8190.0 0.5 0.033984375000000004 0.03390625 979.0 979.0 1279.0 1279.0 199.0 199.0 12.965905904769897
22 14.806959375000005 8420.0 0.5 0.034609375 0.034609375 674.0 674.0 935.0 935.0 235.0 235.0 13.55934190750122
23 14.808168750000007 8048.0 0.5 0.033828125 0.033671875000000004 494.0 494.0 729.0 729.0 209.0 209.0 14.138788938522339
24 14.809387500000007 8384.0 0.5 0.033125 0.03453125 390.0 390.0 718.0 718.0 239.0 239.0 14.754302263259888
25 14.81048125000001 8384.0 0.5 0.0325 0.034296875 315.0 315.0 631.0 631.0 248.0 248.0 15.374332904815674
26 14.811765625000007 8393.0 0.5 0.035390625 0.034453125 252.0 252.0 492.0 492.0 233.0 233.0 16.026036024093628
27 14.812978125000008 8373.0 0.5 0.034140625 0.034765625 200.0 200.0 446.0 446.0 251.0 251.0 16.64048147201538
28 14.814175000000006 8405.0 0.5 0.03515625 0.033828125 180.0 180.0 441.0 441.0 238.0 238.0 17.286946058273315
29 14.815393750000005 8018.0 0.5 0.0340625 0.0346875 150.0 150.0 404.0 404.0 260.0 260.0 17.930670022964478
30 14.816406250000007 8332.0 0.5 0.033515625 0.03546875 122.0 122.0 342.0 342.0 217.0 217.0 18.49502944946289
31 14.817590625000001 8190.0 0.5 0.032265625 0.033359375000000004 118.0 118.0 341.0 341.0 246.0 246.0 19.07339906692505
32 14.818890625000002 8210.0 0.5 0.03390625 0.034609375 83.0 83.0 323.0 323.0 241.0 241.0 19.770325660705566
33 14.819971875000007 8214.0 0.5 0.034140625 0.034921875 93.0 93.0 364.0 364.0 247.0 247.0 20.371798515319824
34 14.821153125000002 8245.0 0.5 0.032890625 0.035312500000000004 68.0 68.0 299.0 299.0 231.0 231.0 20.975008010864258
35 14.821925000000007 8442.0 0.5 0.033046875 0.034296875 107.0 107.0 352.0 352.0 233.0 233.0 21.572736978530884
