#S 13560 ascan omega 14.8874 14.9274 40 0.5
#U p23user
#D Sun Jun 13 12:34:54 2021
#C Acquisition started at Sun Jun 13 12:34:54 2021
#O0 atten  attenpos  avg_beamcurrent  dcm_exitoffset  dcmbragg  diffractometer_h  diffractometer_k  diffractometer_l
#O1 gx  gy  gz  lmbd_compressionrate  lmbd_delaytime  lmbd_depth  lmbd_distortioncorrection  lmbd_energythreshold
#O2 lmbd_filestartnum  lmbd_framenumbers  lmbd_framesperfile  lmbd_height  lmbd_latestimagenumber  lmbd_shuttertime  lmbd_shuttertimemax  lmbd_shuttertimemin
#O3 lmbd_threadno  lmbd_totallossframes  lmbd_triggermode  lmbd_width  mnchrmtr  mono1roll  mono2par  mono2perp
#O4 mono2pitch  mono2roll  mono_height  monotrans  monoyaw  monoz1  monoz2  monoz3
#O5 ohsl1b  ohsl1h  ohsl1hgap  ohsl1l  ohsl1r  ohsl1t  ohsl1v  ohsl1vgap
#O6 ohsl2b  ohsl2h  ohsl2hgap  ohsl2l  ohsl2r  ohsl2t  ohsl2v  ohsl2vgap
#O7 phi  ps1v  ps1vg  ps2l  ps2r  ps2v  ps2vg  sl3b
#O8 sl3h  sl3hgap  sl3l  sl3r  sl3t  sl3v  sl3vgap  sl4b
#O9 sl4h  sl4hgap  sl4l  sl4r  sl4t  sl4v  sl4vgap  source_energy
#O10 und_en  undulator_gap  undulator_harmonic  undulator_phase  undulator_taper
#P0 1.0 0.0 94.19059753417969 20.7 23.571660834178672 1.000000407509478 4.433989215209493e-08 8.994571853874491e-05
#P1 -0.8900000000000006 -3.0 -0.71798828125 2 0.0 24 1 2300.0
#P2 0 1 1 516 -1 1000.0 2147483647.0 0.0
#P3 0 0 0 1556 4943.999755180039 0.0 25.881749999999997 11.228968749999998
#P4 0.06485081585081587 0.0295 3.906075 -21.0 -0.01 3.906075 3.9 3.9
#P5 19.95 0.60665 2.0 1.6066500000000001 -0.3933500000000001 22.95 21.45 3.0
#P6 19.45 -10.084000000000001 3.9999999999999964 -8.084000000000003 -12.084 23.450000000000003 21.450000000000003 4.0000000000000036
#P7 -0.160000000000025 0.38572000000000006 1.0 1.7031499999999995 0.4837600000000002 0.38651499999999994 0.8000000000000007 -0.09999999999999787
#P8 3.552713678800501e-15 0.20000000000000995 0.10000000000000853 -0.10000000000000142 0.09999999999999432 -1.7763568394002505e-15 0.19999999999999218 -2.043199999999999
#P9 -0.5645000000000024 4.0 1.4354999999999976 -2.5645000000000024 1.9567999999999977 -0.04320000000000057 3.9999999999999964 6.083441734313965
#P10 4894.0927734375 14.805000305175781 1 0.0 0.0
#N 13
#L Pt_No  omega  eh_c01  eh_t01  sl_mon_b_vol  sl_mon_t_vol  lmbd_countsroi1  lmbd_countsroi1_atten  lmbd_countsroi2  lmbd_countsroi2_atten  lmbd_countsroi3  lmbd_countsroi3_atten  dt
0 14.887712500000006 7353.0 0.5 0.033359375000000004 0.0346875 3322.0 3322.0 13125.0 13125.0 223.0 223.0 0.5240755081176758
1 14.888778125000002 7472.0 0.5 0.034765625 0.033359375000000004 3847.0 3847.0 14209.0 14209.0 194.0 194.0 1.1452856063842773
2 14.889765625000003 7306.0 0.5 0.03375 0.032578125 4716.0 4716.0 15642.0 15642.0 212.0 212.0 1.7012815475463867
3 14.8909625 7556.0 0.5 0.031484375 0.035312500000000004 5745.0 5745.0 17159.0 17159.0 208.0 208.0 2.289991855621338
4 14.892159375000006 7432.0 0.5 0.032734375 0.0325 7306.0 7306.0 19548.0 19548.0 174.0 174.0 2.933607339859009
5 14.893346875000006 7243.0 0.5 0.03359375 0.03234375 9060.0 9060.0 21920.0 21920.0 211.0 211.0 3.54774808883667
6 14.894459375000004 7528.0 0.5 0.031484375 0.03296875 11322.0 11322.0 25127.0 25127.0 218.0 218.0 4.130472421646118
7 14.89556562500001 7455.0 0.5 0.032890625 0.033828125 14530.0 14530.0 29431.0 29431.0 244.0 244.0 4.7117085456848145
8 14.896762500000008 7578.0 0.5 0.031796875 0.032734375 18917.0 18917.0 34971.0 34971.0 188.0 188.0 5.314019680023193
9 14.897962500000006 7483.0 0.5 0.03359375 0.033046875 25125.0 25125.0 42563.0 42563.0 206.0 206.0 5.971182346343994
10 14.899168750000001 7583.0 0.5 0.035078125 0.033046875 34737.0 34737.0 54113.0 54113.0 223.0 223.0 6.621633529663086
11 14.900368750000005 7508.0 0.5 0.03359375 0.033984375000000004 49780.0 49780.0 70762.0 70762.0 203.0 203.0 7.251468896865845
12 14.901553125000007 7590.0 0.5 0.03421875 0.033203125 70859.0 70859.0 91827.0 91827.0 233.0 233.0 7.81247878074646
13 14.902543750000007 7469.0 0.5 0.032734375 0.0334375 103983.0 103983.0 125542.0 125542.0 249.0 249.0 8.382703065872192
14 14.903743750000004 7686.0 0.5 0.03359375 0.034921875 161351.0 161351.0 179903.0 179903.0 231.0 231.0 8.978073358535767
15 14.904740625000002 7479.0 0.5 0.033359375000000004 0.0328125 238051.0 238051.0 253032.0 253032.0 180.0 180.0 9.553022623062134
16 14.905937500000007 7468.0 0.5 0.036328125 0.032265625 307249.0 307249.0 318681.0 318681.0 217.0 217.0 10.141422986984253
17 14.907059375000003 7432.0 0.5 0.0334375 0.033125 316043.0 316043.0 324443.0 324443.0 223.0 223.0 10.713086128234863
18 14.908362500000003 7486.0 0.5 0.032890625 0.032421875 241099.0 241099.0 248305.0 248305.0 207.0 207.0 11.398881196975708
19 14.909471875000008 7552.0 0.5 0.031015625 0.033203125 169344.0 169344.0 175762.0 175762.0 191.0 191.0 11.973788261413574
20 14.910696875000006 7518.0 0.5 0.0325 0.034296875 111378.0 111378.0 116945.0 116945.0 208.0 208.0 12.62539291381836
21 14.911975000000005 7475.0 0.5 0.0328125 0.034765625 75237.0 75237.0 80110.0 80110.0 195.0 195.0 13.274751663208008
22 14.913168750000004 7629.0 0.5 0.03421875 0.033671875000000004 54388.0 54388.0 58514.0 58514.0 255.0 255.0 13.897303342819214
23 14.914275000000004 7511.0 0.5 0.0325 0.03453125 41560.0 41560.0 45471.0 45471.0 219.0 219.0 14.48633098602295
24 14.915381250000003 7566.0 0.5 0.03484375 0.032890625 32944.0 32944.0 36563.0 36563.0 230.0 230.0 15.055746793746948
25 14.916503125000006 7378.0 0.5 0.03484375 0.033046875 26810.0 26810.0 30196.0 30196.0 228.0 228.0 15.653441667556763
26 14.917606250000006 7457.0 0.5 0.035390625 0.033046875 21860.0 21860.0 25213.0 25213.0 209.0 209.0 16.233856916427612
27 14.918784375000001 7390.0 0.5 0.03265625 0.03328125 18447.0 18447.0 21575.0 21575.0 215.0 215.0 16.812885761260986
28 14.919884375000002 7602.0 0.5 0.0365625 0.03359375 15477.0 15477.0 18367.0 18367.0 226.0 226.0 17.427384853363037
29 14.920990625000009 7558.0 0.5 0.032734375 0.0325 13582.0 13582.0 16469.0 16469.0 231.0 231.0 18.033548831939697
30 14.922196875000004 7579.0 0.5 0.034765625 0.0346875 11623.0 11623.0 14378.0 14378.0 208.0 208.0 18.640257120132446
31 14.923606250000006 7519.0 0.5 0.03296875 0.0334375 9861.0 9861.0 12616.0 12616.0 230.0 230.0 19.35576033592224
32 14.92461250000001 7328.0 0.5 0.033984375000000004 0.033671875000000004 8838.0 8838.0 11638.0 11638.0 195.0 195.0 19.891604900360107
33 14.925806250000008 7455.0 0.5 0.03359375 0.03265625 7557.0 7557.0 10377.0 10377.0 230.0 230.0 20.534974336624146
34 14.926746875000006 7567.0 0.5 0.036015625 0.032890625 6744.0 6744.0 9755.0 9755.0 213.0 213.0 21.15674591064453
