#S 13547 ascan omega 14.9281 14.9681 40 0.5
#U p23user
#D Sun Jun 13 12:26:28 2021
#C Acquisition started at Sun Jun 13 12:26:28 2021
#O0 atten  attenpos  avg_beamcurrent  dcm_exitoffset  dcmbragg  diffractometer_h  diffractometer_k  diffractometer_l
#O1 gx  gy  gz  lmbd_compressionrate  lmbd_delaytime  lmbd_depth  lmbd_distortioncorrection  lmbd_energythreshold
#O2 lmbd_filestartnum  lmbd_framenumbers  lmbd_framesperfile  lmbd_height  lmbd_latestimagenumber  lmbd_shuttertime  lmbd_shuttertimemax  lmbd_shuttertimemin
#O3 lmbd_threadno  lmbd_totallossframes  lmbd_triggermode  lmbd_width  mnchrmtr  mono1roll  mono2par  mono2perp
#O4 mono2pitch  mono2roll  mono_height  monotrans  monoyaw  monoz1  monoz2  monoz3
#O5 ohsl1b  ohsl1h  ohsl1hgap  ohsl1l  ohsl1r  ohsl1t  ohsl1v  ohsl1vgap
#O6 ohsl2b  ohsl2h  ohsl2hgap  ohsl2l  ohsl2r  ohsl2t  ohsl2v  ohsl2vgap
#O7 phi  ps1v  ps1vg  ps2l  ps2r  ps2v  ps2vg  sl3b
#O8 sl3h  sl3hgap  sl3l  sl3r  sl3t  sl3v  sl3vgap  sl4b
#O9 sl4h  sl4hgap  sl4l  sl4r  sl4t  sl4v  sl4vgap  source_energy
#O10 und_en  undulator_gap  undulator_harmonic  undulator_phase  undulator_taper
#P0 1.0 0.0 94.12641906738281 20.7 23.637594308833172 1.0000008385105408 4.4339902569809566e-08 8.99457828467787e-05
#P1 -0.8900000000000006 -3.0 -0.71798828125 2 0.0 24 1 2300.0
#P2 0 1 1 516 -1 1000.0 2147483647.0 0.0
#P3 0 0 0 1556 4931.001818010932 0.0 25.813687499999986 11.234812499999999
#P4 0.06485081585081587 0.0295 3.906075 -21.0 -0.01 3.906075 3.9 3.9
#P5 19.95 0.60665 2.0 1.6066500000000001 -0.3933500000000001 22.95 21.45 3.0
#P6 19.45 -10.084000000000001 3.9999999999999964 -8.084000000000003 -12.084 23.450000000000003 21.450000000000003 4.0000000000000036
#P7 -0.160000000000025 0.38572000000000006 1.0 1.7031499999999995 0.4837600000000002 0.38651499999999994 0.8000000000000007 -0.09999999999999787
#P8 3.552713678800501e-15 0.20000000000000995 0.10000000000000853 -0.10000000000000142 0.09999999999999432 -1.7763568394002505e-15 0.19999999999999218 -2.043199999999999
#P9 -0.5645000000000024 4.0 1.4354999999999976 -2.5645000000000024 1.9567999999999977 -0.04320000000000057 3.9999999999999964 6.083441734313965
#P10 4881.15673828125 14.781999588012695 1 0.0 0.0
#N 13
#L Pt_No  omega  eh_c01  eh_t01  sl_mon_b_vol  sl_mon_t_vol  lmbd_countsroi1  lmbd_countsroi1_atten  lmbd_countsroi2  lmbd_countsroi2_atten  lmbd_countsroi3  lmbd_countsroi3_atten  dt
0 14.928534375000005 7104.0 0.5 0.0328125 0.03375 134.0 134.0 851.0 851.0 271.0 271.0 0.531897783279419
1 14.92965000000001 7133.0 0.5 0.032421875 0.031875 154.0 154.0 666.0 666.0 206.0 206.0 1.2112746238708496
2 14.930856250000005 7160.0 0.5 0.034609375 0.032421875 206.0 206.0 738.0 738.0 188.0 188.0 1.7636432647705078
3 14.931868750000007 7135.0 0.5 0.033046875 0.0321875 215.0 215.0 788.0 788.0 208.0 208.0 2.3349528312683105
4 14.933078125000002 7329.0 0.5 0.032578125 0.033515625 283.0 283.0 893.0 893.0 204.0 204.0 2.9292585849761963
5 14.934093750000002 7341.0 0.5 0.033828125 0.0334375 330.0 330.0 923.0 923.0 185.0 185.0 3.519050359725952
6 14.935296875000006 7258.0 0.5 0.0325 0.031718750000000004 462.0 462.0 1105.0 1105.0 220.0 220.0 4.1132142543792725
7 14.936509375000007 7151.0 0.5 0.03453125 0.031875 538.0 538.0 1265.0 1265.0 241.0 241.0 4.718390703201294
8 14.937603125000003 7251.0 0.5 0.03578125 0.033359375000000004 749.0 749.0 1498.0 1498.0 213.0 213.0 5.329724311828613
9 14.938709375000009 7205.0 0.5 0.034921875 0.031796875 990.0 990.0 1830.0 1830.0 178.0 178.0 5.8879430294036865
10 14.939837500000003 7435.0 0.5 0.0346875 0.032421875 1368.0 1368.0 2237.0 2237.0 223.0 223.0 6.510870456695557
11 14.940953125000007 7325.0 0.5 0.0340625 0.032109375 2189.0 2189.0 3232.0 3232.0 210.0 210.0 7.091966867446899
12 14.942137500000008 7200.0 0.5 0.035859375 0.032109375 3231.0 3231.0 4325.0 4325.0 214.0 214.0 7.662533521652222
13 14.943337500000005 7291.0 0.5 0.034609375 0.030390625 4707.0 4707.0 5834.0 5834.0 197.0 197.0 8.295047283172607
14 14.944337500000003 7371.0 0.5 0.033515625 0.031171875 7776.0 7776.0 8789.0 8789.0 207.0 207.0 8.850191593170166
15 14.945540625 7210.0 0.5 0.033359375000000004 0.03359375 13258.0 13258.0 14199.0 14199.0 204.0 204.0 9.482321977615356
16 14.946687500000003 7330.0 0.5 0.035 0.0321875 17572.0 17572.0 18312.0 18312.0 193.0 193.0 10.081553936004639
17 14.94780625 7191.0 0.5 0.035234375 0.032421875 16130.0 16130.0 16687.0 16687.0 203.0 203.0 10.676029205322266
18 14.949031250000004 7355.0 0.5 0.034140625 0.031328125 10514.0 10514.0 11029.0 11029.0 182.0 182.0 11.293452501296997
19 14.950218750000005 7269.0 0.5 0.0340625 0.03203125 5992.0 5992.0 6394.0 6394.0 219.0 219.0 11.928729772567749
20 14.951425000000008 7278.0 0.5 0.034296875 0.031953125 3753.0 3753.0 4192.0 4192.0 209.0 209.0 12.51440954208374
21 14.952531250000007 7231.0 0.5 0.033046875 0.032890625 2442.0 2442.0 2851.0 2851.0 232.0 232.0 13.132544040679932
22 14.953621875000003 7029.0 0.5 0.032109375 0.031328125 1704.0 1704.0 2044.0 2044.0 217.0 217.0 13.736936807632446
23 14.954921875000004 7204.0 0.5 0.03546875 0.03234375 1260.0 1260.0 1559.0 1559.0 232.0 232.0 14.381278991699219
24 14.956025000000011 7184.0 0.5 0.03296875 0.031328125 977.0 977.0 1326.0 1326.0 187.0 187.0 14.986085176467896
25 14.957231250000007 7200.0 0.5 0.03359375 0.032421875 796.0 796.0 1103.0 1103.0 192.0 192.0 15.573492765426636
26 14.958450000000006 7243.0 0.5 0.03609375 0.0321875 695.0 695.0 959.0 959.0 209.0 209.0 16.223682403564453
27 14.959668750000006 7181.0 0.5 0.03296875 0.0328125 573.0 573.0 946.0 946.0 234.0 234.0 16.842467784881592
28 14.960775000000005 7093.0 0.5 0.035078125 0.032578125 480.0 480.0 810.0 810.0 225.0 225.0 17.436997890472412
29 14.96206875 7316.0 0.5 0.032578125 0.03203125 384.0 384.0 659.0 659.0 217.0 217.0 18.08319854736328
30 14.963262500000006 7227.0 0.5 0.034375 0.031484375 369.0 369.0 632.0 632.0 195.0 195.0 18.7661714553833
31 14.964468750000009 7272.0 0.5 0.03328125 0.032734375 296.0 296.0 642.0 642.0 218.0 218.0 19.344815969467163
32 14.965696874999999 7288.0 0.5 0.036640625 0.03421875 268.0 268.0 627.0 627.0 182.0 182.0 20.00036072731018
33 14.966906250000008 7205.0 0.5 0.0334375 0.03234375 267.0 267.0 543.0 543.0 208.0 208.0 20.652392148971558
34 14.967803125000003 7199.0 0.5 0.032578125 0.03390625 229.0 229.0 503.0 503.0 214.0 214.0 21.227882146835327
