#S 13575 ascan omega 14.8406 14.8806 40 0.5
#U p23user
#D Sun Jun 13 12:44:39 2021
#C Acquisition started at Sun Jun 13 12:44:39 2021
#O0 atten  attenpos  avg_beamcurrent  dcm_exitoffset  dcmbragg  diffractometer_h  diffractometer_k  diffractometer_l
#O1 gx  gy  gz  lmbd_compressionrate  lmbd_delaytime  lmbd_depth  lmbd_distortioncorrection  lmbd_energythreshold
#O2 lmbd_filestartnum  lmbd_framenumbers  lmbd_framesperfile  lmbd_height  lmbd_latestimagenumber  lmbd_shuttertime  lmbd_shuttertimemax  lmbd_shuttertimemin
#O3 lmbd_threadno  lmbd_totallossframes  lmbd_triggermode  lmbd_width  mnchrmtr  mono1roll  mono2par  mono2perp
#O4 mono2pitch  mono2roll  mono_height  monotrans  monoyaw  monoz1  monoz2  monoz3
#O5 ohsl1b  ohsl1h  ohsl1hgap  ohsl1l  ohsl1r  ohsl1t  ohsl1v  ohsl1vgap
#O6 ohsl2b  ohsl2h  ohsl2hgap  ohsl2l  ohsl2r  ohsl2t  ohsl2v  ohsl2vgap
#O7 phi  ps1v  ps1vg  ps2l  ps2r  ps2v  ps2vg  sl3b
#O8 sl3h  sl3hgap  sl3l  sl3r  sl3t  sl3v  sl3vgap  sl4b
#O9 sl4h  sl4hgap  sl4l  sl4r  sl4t  sl4v  sl4vgap  source_energy
#O10 und_en  undulator_gap  undulator_harmonic  undulator_phase  undulator_taper
#P0 1.0 0.0 94.89051818847656 20.7 23.496061927455184 1.0000014267956243 4.433993304001944e-08 8.994579311610626e-05
#P1 -0.8900000000000006 -3.0 -0.71798828125 2 0.0 24 1 2300.0
#P2 0 1 1 516 -1 1000.0 2147483647.0 0.0
#P3 0 0 0 1556 4958.999298138196 0.0 25.960249999999988 11.222281249999998
#P4 0.06485081585081587 0.0295 3.906075 -21.0 -0.01 3.906075 3.9 3.9
#P5 19.95 0.60665 2.0 1.6066500000000001 -0.3933500000000001 22.95 21.45 3.0
#P6 19.45 -10.084000000000001 3.9999999999999964 -8.084000000000003 -12.084 23.450000000000003 21.450000000000003 4.0000000000000036
#P7 -0.160000000000025 0.38572000000000006 1.0 1.7031499999999995 0.4837600000000002 0.38651499999999994 0.8000000000000007 -0.09999999999999787
#P8 3.552713678800501e-15 0.20000000000000995 0.10000000000000853 -0.10000000000000142 0.09999999999999432 -1.7763568394002505e-15 0.19999999999999218 -2.043199999999999
#P9 -0.5645000000000024 4.0 1.4354999999999976 -2.5645000000000024 1.9567999999999977 -0.04320000000000057 3.9999999999999964 6.083469867706299
#P10 4908.72021484375 14.831000328063965 1 0.0 0.0
#N 13
#L Pt_No  omega  eh_c01  eh_t01  sl_mon_b_vol  sl_mon_t_vol  lmbd_countsroi1  lmbd_countsroi1_atten  lmbd_countsroi2  lmbd_countsroi2_atten  lmbd_countsroi3  lmbd_countsroi3_atten  dt
0 14.841046875000004 7901.0 0.5 0.032265625 0.035546875 281.0 281.0 1434.0 1434.0 217.0 217.0 0.5292057991027832
1 14.842128125000002 7875.0 0.5 0.033515625 0.03375 258.0 258.0 1145.0 1145.0 225.0 225.0 1.1239168643951416
2 14.843218750000005 7801.0 0.5 0.031953125 0.034921875 338.0 338.0 1226.0 1226.0 217.0 217.0 1.7268409729003906
3 14.844396875000001 7868.0 0.5 0.032734375 0.034609375 465.0 465.0 1340.0 1340.0 196.0 196.0 2.352843999862671
4 14.845668750000002 8001.0 0.5 0.03390625 0.03578125 507.0 507.0 1453.0 1453.0 186.0 186.0 2.9834227561950684
5 14.846756250000006 7705.0 0.5 0.033203125 0.03484375 648.0 648.0 1764.0 1764.0 225.0 225.0 3.5629727840423584
6 14.847953125000004 7723.0 0.5 0.0340625 0.0340625 829.0 829.0 1924.0 1924.0 186.0 186.0 4.148026943206787
7 14.848946875000003 7826.0 0.5 0.031953125 0.032578125 997.0 997.0 2128.0 2128.0 211.0 211.0 4.684067010879517
8 14.850050000000003 7936.0 0.5 0.03390625 0.033203125 1292.0 1292.0 2431.0 2431.0 189.0 189.0 5.268230676651001
9 14.851150000000004 7839.0 0.5 0.0325 0.03390625 1780.0 1780.0 3120.0 3120.0 245.0 245.0 5.867289066314697
10 14.852353125 7764.0 0.5 0.0334375 0.03625 2443.0 2443.0 4044.0 4044.0 213.0 213.0 6.506104469299316
11 14.853553125000005 7890.0 0.5 0.032734375 0.03421875 3734.0 3734.0 5468.0 5468.0 197.0 197.0 7.079186677932739
12 14.854743750000004 7727.0 0.5 0.032421875 0.035546875 5504.0 5504.0 7309.0 7309.0 189.0 189.0 7.686985015869141
13 14.855840625000006 7776.0 0.5 0.033515625 0.034296875 8212.0 8212.0 10063.0 10063.0 232.0 232.0 8.30036735534668
14 14.8569375 7822.0 0.5 0.034921875 0.0346875 14255.0 14255.0 15881.0 15881.0 204.0 204.0 8.908248662948608
15 14.858309375000005 7654.0 0.5 0.031796875 0.0334375 23893.0 23893.0 25182.0 25182.0 209.0 209.0 9.560380458831787
16 14.859396875000009 7806.0 0.5 0.0325 0.036953125 30262.0 30262.0 31383.0 31383.0 205.0 205.0 10.151386022567749
17 14.860678125000007 7715.0 0.5 0.03359375 0.035703125 26163.0 26163.0 26871.0 26871.0 225.0 225.0 10.793279647827148
18 14.861865625 7878.0 0.5 0.03296875 0.034609375 16267.0 16267.0 16941.0 16941.0 216.0 216.0 11.416152715682983
19 14.86307500000001 7727.0 0.5 0.03109375 0.034140625 9669.0 9669.0 10301.0 10301.0 232.0 232.0 12.045164346694946
20 14.864290625000002 7823.0 0.5 0.03234375 0.035078125 5962.0 5962.0 6494.0 6494.0 228.0 228.0 12.684088468551636
21 14.865306250000003 7818.0 0.5 0.03359375 0.03453125 4204.0 4204.0 4718.0 4718.0 232.0 232.0 13.27247428894043
22 14.866540625000006 7754.0 0.5 0.03453125 0.035312500000000004 3013.0 3013.0 3480.0 3480.0 205.0 205.0 13.888208389282227
23 14.867750000000001 7780.0 0.5 0.0334375 0.03484375 2302.0 2302.0 2716.0 2716.0 206.0 206.0 14.5083167552948
24 14.868965625000008 7746.0 0.5 0.033515625 0.03453125 1810.0 1810.0 2206.0 2206.0 216.0 216.0 15.143186092376709
25 14.870178125000002 7850.0 0.5 0.032890625 0.033828125 1496.0 1496.0 1895.0 1895.0 187.0 187.0 15.76358675956726
26 14.871181250000006 7883.0 0.5 0.0365625 0.034296875 1192.0 1192.0 1569.0 1569.0 220.0 220.0 16.333380699157715
27 14.872387500000002 7798.0 0.5 0.0315625 0.035546875 1011.0 1011.0 1460.0 1460.0 222.0 222.0 16.923389196395874
28 14.873481250000005 7773.0 0.5 0.0325 0.03453125 926.0 926.0 1287.0 1287.0 203.0 203.0 17.523627996444702
29 14.874575000000007 7689.0 0.5 0.031640625 0.0346875 785.0 785.0 1175.0 1175.0 218.0 218.0 18.125768184661865
30 14.875771875000005 7642.0 0.5 0.032109375 0.033046875 628.0 628.0 959.0 959.0 206.0 206.0 18.724388599395752
31 14.876975000000002 7661.0 0.5 0.034453125 0.035546875 619.0 619.0 987.0 987.0 216.0 216.0 19.329691886901855
32 14.877984375000004 7757.0 0.5 0.03453125 0.034375 519.0 519.0 964.0 964.0 230.0 230.0 19.885162353515625
33 14.879003125000004 7786.0 0.5 0.032578125 0.034921875 440.0 440.0 823.0 823.0 221.0 221.0 20.429290533065796
34 14.880231250000001 7677.0 0.5 0.033359375000000004 0.034375 359.0 359.0 756.0 756.0 218.0 218.0 21.00931143760681
35 14.8808 7689.0 0.5 0.03296875 0.035078125 379.0 379.0 729.0 729.0 223.0 223.0 21.53126811981201
