#S 13540 ascan omega 14.9502 14.9902 40 0.5
#U p23user
#D Sun Jun 13 12:21:57 2021
#C Acquisition started at Sun Jun 13 12:21:57 2021
#O0 atten  attenpos  avg_beamcurrent  dcm_exitoffset  dcmbragg  diffractometer_h  diffractometer_k  diffractometer_l
#O1 gx  gy  gz  lmbd_compressionrate  lmbd_delaytime  lmbd_depth  lmbd_distortioncorrection  lmbd_energythreshold
#O2 lmbd_filestartnum  lmbd_framenumbers  lmbd_framesperfile  lmbd_height  lmbd_latestimagenumber  lmbd_shuttertime  lmbd_shuttertimemax  lmbd_shuttertimemin
#O3 lmbd_threadno  lmbd_totallossframes  lmbd_triggermode  lmbd_width  mnchrmtr  mono1roll  mono2par  mono2perp
#O4 mono2pitch  mono2roll  mono_height  monotrans  monoyaw  monoz1  monoz2  monoz3
#O5 ohsl1b  ohsl1h  ohsl1hgap  ohsl1l  ohsl1r  ohsl1t  ohsl1v  ohsl1vgap
#O6 ohsl2b  ohsl2h  ohsl2hgap  ohsl2l  ohsl2r  ohsl2t  ohsl2v  ohsl2vgap
#O7 phi  ps1v  ps1vg  ps2l  ps2r  ps2v  ps2vg  sl3b
#O8 sl3h  sl3hgap  sl3l  sl3r  sl3t  sl3v  sl3vgap  sl4b
#O9 sl4h  sl4hgap  sl4l  sl4r  sl4t  sl4v  sl4vgap  source_energy
#O10 und_en  undulator_gap  undulator_harmonic  undulator_phase  undulator_taper
#P0 1.0 0.0 94.31663513183594 20.7 23.67323338562297 1.0000011281309367 4.4339902982270076e-08 8.994574070282062e-05
#P1 -0.8900000000000006 -3.0 -0.71798828125 2 0.0 24 1 2300.0
#P2 0 1 1 516 -1 1000.0 2147483647.0 0.0
#P3 0 0 0 1556 4923.9996717093645 0.0 25.7770625 11.238
#P4 0.06485081585081587 0.0295 3.906075 -21.0 -0.01 3.906075 3.9 3.9
#P5 19.95 0.60665 2.0 1.6066500000000001 -0.3933500000000001 22.95 21.45 3.0
#P6 19.45 -10.084000000000001 3.9999999999999964 -8.084000000000003 -12.084 23.450000000000003 21.450000000000003 4.0000000000000036
#P7 -0.160000000000025 0.38572000000000006 1.0 1.7031499999999995 0.4837600000000002 0.38651499999999994 0.8000000000000007 -0.09999999999999787
#P8 3.552713678800501e-15 0.20000000000000995 0.10000000000000853 -0.10000000000000142 0.09999999999999432 -1.7763568394002505e-15 0.19999999999999218 -2.043199999999999
#P9 -0.5645000000000024 4.0 1.4354999999999976 -2.5645000000000024 1.9567999999999977 -0.04320000000000057 3.9999999999999964 6.083441734313965
#P10 4873.849609375 14.769000053405762 1 0.0 0.0
#N 13
#L Pt_No  omega  eh_c01  eh_t01  sl_mon_b_vol  sl_mon_t_vol  lmbd_countsroi1  lmbd_countsroi1_atten  lmbd_countsroi2  lmbd_countsroi2_atten  lmbd_countsroi3  lmbd_countsroi3_atten  dt
0 14.950600000000009 6838.0 0.5 0.033125 0.0321875 49.0 49.0 514.0 514.0 229.0 229.0 0.5441336631774902
1 14.951743750000006 7186.0 0.5 0.03375 0.0328125 61.0 61.0 339.0 339.0 208.0 208.0 1.1899306774139404
2 14.952937500000004 7039.0 0.5 0.031875 0.033828125 80.0 80.0 379.0 379.0 202.0 202.0 1.7997615337371826
3 14.95393125000001 6973.0 0.5 0.03203125 0.03359375 71.0 71.0 411.0 411.0 215.0 215.0 2.3493235111236572
4 14.955128125000009 6963.0 0.5 0.031953125 0.033828125 111.0 111.0 411.0 411.0 223.0 223.0 2.9291932582855225
5 14.956246875000005 7172.0 0.5 0.031640625 0.03359375 140.0 140.0 462.0 462.0 219.0 219.0 3.541261672973633
6 14.957546875000006 7044.0 0.5 0.03359375 0.0321875 174.0 174.0 570.0 570.0 215.0 215.0 4.191086053848267
7 14.958721875000009 7099.0 0.5 0.0315625 0.0340625 194.0 194.0 563.0 563.0 187.0 187.0 4.859099864959717
8 14.960112500000008 7009.0 0.5 0.031640625 0.033984375000000004 278.0 278.0 645.0 645.0 209.0 209.0 5.531804800033569
9 14.96112187500001 6967.0 0.5 0.032109375 0.0328125 421.0 421.0 796.0 796.0 201.0 201.0 6.065349817276001
10 14.962259375000002 7048.0 0.5 0.0325 0.03265625 547.0 547.0 1007.0 1007.0 245.0 245.0 6.6512908935546875
11 14.963315625000007 6950.0 0.5 0.033046875 0.031953125 1058.0 1058.0 1644.0 1644.0 235.0 235.0 7.20592737197876
12 14.96433125 7028.0 0.5 0.032578125 0.034609375 1460.0 1460.0 2136.0 2136.0 192.0 192.0 7.755424737930298
13 14.965612500000006 7034.0 0.5 0.03296875 0.032734375 1852.0 1852.0 2428.0 2428.0 237.0 237.0 8.390209913253784
14 14.966606250000005 6970.0 0.5 0.030703125 0.032578125 2693.0 2693.0 3176.0 3176.0 201.0 201.0 8.979624032974243
15 14.967912500000004 7093.0 0.5 0.031640625 0.033046875 4630.0 4630.0 5052.0 5052.0 204.0 204.0 9.61967921257019
16 14.969034375 7022.0 0.5 0.03296875 0.03390625 5680.0 5680.0 6014.0 6014.0 205.0 205.0 10.228095054626465
17 14.970434375000004 6991.0 0.5 0.03265625 0.033515625 4583.0 4583.0 4896.0 4896.0 209.0 209.0 10.937497615814209
18 14.971646875000012 6994.0 0.5 0.03359375 0.033671875000000004 2536.0 2536.0 2789.0 2789.0 185.0 185.0 11.614112854003906
19 14.97275937500001 7014.0 0.5 0.034140625 0.035859375 1614.0 1614.0 1909.0 1909.0 198.0 198.0 12.165733098983765
20 14.97406875 6910.0 0.5 0.031718750000000004 0.032265625 1002.0 1002.0 1220.0 1220.0 169.0 169.0 12.81273865699768
21 14.975293750000006 7110.0 0.5 0.031953125 0.03359375 660.0 660.0 917.0 917.0 218.0 218.0 13.495026350021362
22 14.976487500000005 7112.0 0.5 0.032421875 0.033125 500.0 500.0 727.0 727.0 191.0 191.0 14.113991975784302
23 14.977678125000004 7131.0 0.5 0.03453125 0.031484375 342.0 342.0 546.0 546.0 215.0 215.0 14.760250568389893
24 14.978778125000005 7161.0 0.5 0.034765625 0.0325 313.0 313.0 558.0 558.0 206.0 206.0 15.31102442741394
25 14.979878125000006 7159.0 0.5 0.03234375 0.0321875 233.0 233.0 455.0 455.0 188.0 188.0 15.91569471359253
26 14.981065625000006 6998.0 0.5 0.03234375 0.032578125 208.0 208.0 426.0 426.0 187.0 187.0 16.540816068649292
27 14.982456250000006 7087.0 0.5 0.03296875 0.034296875 160.0 160.0 378.0 378.0 235.0 235.0 17.185309886932373
28 14.983450000000005 7178.0 0.5 0.03390625 0.033984375000000004 148.0 148.0 418.0 418.0 214.0 214.0 17.789027214050293
29 14.984650000000002 7104.0 0.5 0.032421875 0.0334375 123.0 123.0 359.0 359.0 205.0 205.0 18.360756397247314
30 14.98583750000001 7110.0 0.5 0.031328125 0.032421875 141.0 141.0 380.0 380.0 213.0 213.0 18.971861839294434
31 14.9870375 7059.0 0.5 0.0340625 0.034140625 95.0 95.0 344.0 344.0 202.0 202.0 19.5913348197937
32 14.988050000000001 6990.0 0.5 0.035 0.034375 81.0 81.0 278.0 278.0 202.0 202.0 20.188718795776367
33 14.989246875000006 7141.0 0.5 0.032578125 0.033828125 78.0 78.0 290.0 290.0 189.0 189.0 20.803587675094604
34 14.98996875000001 6983.0 0.5 0.032890625 0.033125 67.0 67.0 279.0 279.0 196.0 196.0 21.416269063949585
