#S 13576 ascan omega 14.8375 14.8775 40 0.5
#U p23user
#D Sun Jun 13 12:45:18 2021
#C Acquisition started at Sun Jun 13 12:45:18 2021
#O0 atten  attenpos  avg_beamcurrent  dcm_exitoffset  dcmbragg  diffractometer_h  diffractometer_k  diffractometer_l
#O1 gx  gy  gz  lmbd_compressionrate  lmbd_delaytime  lmbd_depth  lmbd_distortioncorrection  lmbd_energythreshold
#O2 lmbd_filestartnum  lmbd_framenumbers  lmbd_framesperfile  lmbd_height  lmbd_latestimagenumber  lmbd_shuttertime  lmbd_shuttertimemax  lmbd_shuttertimemin
#O3 lmbd_threadno  lmbd_totallossframes  lmbd_triggermode  lmbd_width  mnchrmtr  mono1roll  mono2par  mono2perp
#O4 mono2pitch  mono2roll  mono_height  monotrans  monoyaw  monoz1  monoz2  monoz3
#O5 ohsl1b  ohsl1h  ohsl1hgap  ohsl1l  ohsl1r  ohsl1t  ohsl1v  ohsl1vgap
#O6 ohsl2b  ohsl2h  ohsl2hgap  ohsl2l  ohsl2r  ohsl2t  ohsl2v  ohsl2vgap
#O7 phi  ps1v  ps1vg  ps2l  ps2r  ps2v  ps2vg  sl3b
#O8 sl3h  sl3hgap  sl3l  sl3r  sl3t  sl3v  sl3vgap  sl4b
#O9 sl4h  sl4hgap  sl4l  sl4r  sl4t  sl4v  sl4vgap  source_energy
#O10 und_en  undulator_gap  undulator_harmonic  undulator_phase  undulator_taper
#P0 1.0 0.0 94.19224548339844 20.7 23.491040014345618 1.0000012663648372 4.433992164672463e-08 8.994576152852856e-05
#P1 -0.8900000000000006 -3.0 -0.71798828125 2 0.0 24 1 2300.0
#P2 0 1 1 516 -1 1000.0 2147483647.0 0.0
#P3 0 0 0 1556 4960.000138958095 0.0 25.96549999999999 11.221843749999998
#P4 0.06485081585081587 0.0295 3.906075 -21.0 -0.01 3.906075 3.9 3.9
#P5 19.95 0.60665 2.0 1.6066500000000001 -0.3933500000000001 22.95 21.45 3.0
#P6 19.45 -10.084000000000001 3.9999999999999964 -8.084000000000003 -12.084 23.450000000000003 21.450000000000003 4.0000000000000036
#P7 -0.160000000000025 0.38572000000000006 1.0 1.7031499999999995 0.4837600000000002 0.38651499999999994 0.8000000000000007 -0.09999999999999787
#P8 3.552713678800501e-15 0.20000000000000995 0.10000000000000853 -0.10000000000000142 0.09999999999999432 -1.7763568394002505e-15 0.19999999999999218 -2.043199999999999
#P9 -0.5645000000000024 4.0 1.4354999999999976 -2.5645000000000024 1.9567999999999977 -0.04320000000000057 3.9999999999999964 6.083441734313965
#P10 4909.845703125 14.833000183105469 1 0.0 0.0
#N 13
#L Pt_No  omega  eh_c01  eh_t01  sl_mon_b_vol  sl_mon_t_vol  lmbd_countsroi1  lmbd_countsroi1_atten  lmbd_countsroi2  lmbd_countsroi2_atten  lmbd_countsroi3  lmbd_countsroi3_atten  dt
0 14.83789375 7831.0 0.5 0.032265625 0.03359375 230.0 230.0 1355.0 1355.0 217.0 217.0 0.5414938926696777
1 14.838815625000002 7775.0 0.5 0.03328125 0.03359375 251.0 251.0 1058.0 1058.0 201.0 201.0 1.0957376956939697
2 14.839934375000006 7897.0 0.5 0.033125 0.033671875000000004 312.0 312.0 1170.0 1170.0 216.0 216.0 1.654104232788086
3 14.841037500000006 7863.0 0.5 0.033125 0.033828125 390.0 390.0 1292.0 1292.0 205.0 205.0 2.237736940383911
4 14.842234375000011 8039.0 0.5 0.0315625 0.03453125 447.0 447.0 1299.0 1299.0 237.0 237.0 2.876525640487671
5 14.84325625000001 7901.0 0.5 0.034140625 0.0321875 584.0 584.0 1533.0 1533.0 281.0 281.0 3.4136202335357666
6 14.844575000000006 7809.0 0.5 0.03234375 0.032734375 674.0 674.0 1678.0 1678.0 238.0 238.0 4.078885555267334
7 14.845859375000003 7856.0 0.5 0.036171875 0.03515625 931.0 931.0 2021.0 2021.0 208.0 208.0 4.751086950302124
8 14.84705312500001 7816.0 0.5 0.034765625 0.034765625 1200.0 1200.0 2353.0 2353.0 217.0 217.0 5.365570068359375
9 14.848259375000005 7906.0 0.5 0.03234375 0.033984375000000004 1617.0 1617.0 2914.0 2914.0 220.0 220.0 5.961726665496826
10 14.849440625000007 7940.0 0.5 0.034296875 0.032890625 2378.0 2378.0 3822.0 3822.0 228.0 228.0 6.615384817123413
11 14.850621875000009 7854.0 0.5 0.031718750000000004 0.033203125 3588.0 3588.0 5275.0 5275.0 193.0 193.0 7.217410087585449
12 14.851615625000008 7801.0 0.5 0.034375 0.0346875 5179.0 5179.0 6899.0 6899.0 215.0 215.0 7.7751946449279785
13 14.852725 7913.0 0.5 0.03328125 0.034609375 7658.0 7658.0 9360.0 9360.0 218.0 218.0 8.342616319656372
14 14.853837500000004 8015.0 0.5 0.035 0.0346875 12616.0 12616.0 14196.0 14196.0 230.0 230.0 8.92796516418457
15 14.855043750000007 7801.0 0.5 0.032421875 0.03390625 20783.0 20783.0 22129.0 22129.0 271.0 271.0 9.533048629760742
16 14.856178125000007 7843.0 0.5 0.03296875 0.033671875000000004 27548.0 27548.0 28487.0 28487.0 244.0 244.0 10.159767389297485
17 14.857400000000005 7984.0 0.5 0.030859375 0.034453125 24886.0 24886.0 25678.0 25678.0 237.0 237.0 10.784778594970703
18 14.858484375000003 7808.0 0.5 0.03265625 0.033046875 16946.0 16946.0 17603.0 17603.0 199.0 199.0 11.380162000656128
19 14.859681250000008 7901.0 0.5 0.0334375 0.033125 10260.0 10260.0 10883.0 10883.0 219.0 219.0 11.985509395599365
20 14.860712500000005 7897.0 0.5 0.032734375 0.03421875 6700.0 6700.0 7202.0 7202.0 210.0 210.0 12.518894910812378
21 14.861846875000005 8016.0 0.5 0.033984375000000004 0.03359375 4340.0 4340.0 4894.0 4894.0 215.0 215.0 13.107151985168457
22 14.862953125000004 7760.0 0.5 0.03453125 0.034140625 3244.0 3244.0 3738.0 3738.0 206.0 206.0 13.65301513671875
23 14.863956250000001 7880.0 0.5 0.033046875 0.03375 2490.0 2490.0 2950.0 2950.0 239.0 239.0 14.251260995864868
24 14.865256250000002 7808.0 0.5 0.033515625 0.03390625 1897.0 1897.0 2306.0 2306.0 186.0 186.0 14.882308006286621
25 14.866399999999999 7972.0 0.5 0.032734375 0.034921875 1487.0 1487.0 1858.0 1858.0 234.0 234.0 15.480422496795654
26 14.867409375000001 7889.0 0.5 0.032421875 0.035234375 1299.0 1299.0 1712.0 1712.0 207.0 207.0 16.029800415039062
27 14.868518750000007 7898.0 0.5 0.034921875 0.03484375 1004.0 1004.0 1393.0 1393.0 214.0 214.0 16.602140188217163
28 14.869812500000002 7888.0 0.5 0.032578125 0.035312500000000004 861.0 861.0 1225.0 1225.0 233.0 233.0 17.23326826095581
29 14.870900000000006 7896.0 0.5 0.034296875 0.035390625 760.0 760.0 1114.0 1114.0 190.0 190.0 17.8389675617218
30 14.872096875000004 7742.0 0.5 0.0325 0.035546875 668.0 668.0 1024.0 1024.0 241.0 241.0 18.474459886550903
31 14.873190625000007 7995.0 0.5 0.032578125 0.034609375 615.0 615.0 997.0 997.0 202.0 202.0 19.065747261047363
32 14.874312500000002 7859.0 0.5 0.03453125 0.035390625 539.0 539.0 881.0 881.0 223.0 223.0 19.63618803024292
33 14.875425000000007 7974.0 0.5 0.034296875 0.035078125 439.0 439.0 762.0 762.0 247.0 247.0 20.18811058998108
34 14.876565625000005 7807.0 0.5 0.032265625 0.03515625 376.0 376.0 718.0 718.0 233.0 233.0 20.84293031692505
