#S 13538 ascan omega 14.9565 14.9965 40 0.5
#U p23user
#D Sun Jun 13 12:20:39 2021
#C Acquisition started at Sun Jun 13 12:20:39 2021
#O0 atten  attenpos  avg_beamcurrent  dcm_exitoffset  dcmbragg  diffractometer_h  diffractometer_k  diffractometer_l
#O1 gx  gy  gz  lmbd_compressionrate  lmbd_delaytime  lmbd_depth  lmbd_distortioncorrection  lmbd_energythreshold
#O2 lmbd_filestartnum  lmbd_framenumbers  lmbd_framesperfile  lmbd_height  lmbd_latestimagenumber  lmbd_shuttertime  lmbd_shuttertimemax  lmbd_shuttertimemin
#O3 lmbd_threadno  lmbd_totallossframes  lmbd_triggermode  lmbd_width  mnchrmtr  mono1roll  mono2par  mono2perp
#O4 mono2pitch  mono2roll  mono_height  monotrans  monoyaw  monoz1  monoz2  monoz3
#O5 ohsl1b  ohsl1h  ohsl1hgap  ohsl1l  ohsl1r  ohsl1t  ohsl1v  ohsl1vgap
#O6 ohsl2b  ohsl2h  ohsl2hgap  ohsl2l  ohsl2r  ohsl2t  ohsl2v  ohsl2vgap
#O7 phi  ps1v  ps1vg  ps2l  ps2r  ps2v  ps2vg  sl3b
#O8 sl3h  sl3hgap  sl3l  sl3r  sl3t  sl3v  sl3vgap  sl4b
#O9 sl4h  sl4hgap  sl4l  sl4r  sl4t  sl4v  sl4vgap  source_energy
#O10 und_en  undulator_gap  undulator_harmonic  undulator_phase  undulator_taper
#P0 1.0 0.0 94.71737670898438 20.7 23.683445883240722 1.0000014675127238 4.433990121881622e-08 8.994571164623869e-05
#P1 -0.8900000000000006 -3.0 -0.71798828125 2 0.0 24 1 2300.0
#P2 0 1 1 516 -1 1000.0 2147483647.0 0.0
#P3 0 0 0 1556 4921.999382028065 0.0 25.766562499999992 11.23890625
#P4 0.06485081585081587 0.0295 3.906075 -21.0 -0.01 3.906075 3.9 3.9
#P5 19.95 0.60665 2.0 1.6066500000000001 -0.3933500000000001 22.95 21.45 3.0
#P6 19.45 -10.084000000000001 3.9999999999999964 -8.084000000000003 -12.084 23.450000000000003 21.450000000000003 4.0000000000000036
#P7 -0.160000000000025 0.38572000000000006 1.0 1.7031499999999995 0.4837600000000002 0.38651499999999994 0.8000000000000007 -0.09999999999999787
#P8 3.552713678800501e-15 0.20000000000000995 0.10000000000000853 -0.10000000000000142 0.09999999999999432 -1.7763568394002505e-15 0.19999999999999218 -2.043199999999999
#P9 -0.5645000000000024 4.0 1.4354999999999976 -2.5645000000000024 1.9567999999999977 -0.04320000000000057 3.9999999999999964 6.083469867706299
#P10 4872.1630859375 14.765999794006348 1 0.0 0.0
#N 13
#L Pt_No  omega  eh_c01  eh_t01  sl_mon_b_vol  sl_mon_t_vol  lmbd_countsroi1  lmbd_countsroi1_atten  lmbd_countsroi2  lmbd_countsroi2_atten  lmbd_countsroi3  lmbd_countsroi3_atten  dt
0 14.956909375000002 6902.0 0.5 0.0328125 0.032265625 51.0 51.0 680.0 680.0 205.0 205.0 0.5492167472839355
1 14.957953125000003 6978.0 0.5 0.031796875 0.034375 38.0 38.0 265.0 265.0 204.0 204.0 1.1270701885223389
2 14.959068750000007 7006.0 0.5 0.032890625 0.032265625 44.0 44.0 263.0 263.0 211.0 211.0 1.7231926918029785
3 14.960284375000008 7049.0 0.5 0.033828125 0.033359375000000004 70.0 70.0 358.0 358.0 188.0 188.0 2.348296880722046
4 14.961300000000008 7110.0 0.5 0.030703125 0.032734375 65.0 65.0 386.0 386.0 195.0 195.0 2.896847724914551
5 14.962531250000005 7015.0 0.5 0.034296875 0.0340625 91.0 91.0 397.0 397.0 222.0 222.0 3.47719669342041
6 14.963737500000008 6998.0 0.5 0.033515625 0.033828125 125.0 125.0 482.0 482.0 197.0 197.0 4.1049816608428955
7 14.964731250000007 7070.0 0.5 0.033515625 0.03109375 154.0 154.0 459.0 459.0 192.0 192.0 4.706139802932739
8 14.965931250000011 7107.0 0.5 0.03328125 0.03546875 179.0 179.0 483.0 483.0 220.0 220.0 5.295783996582031
9 14.967153125000003 6924.0 0.5 0.03078125 0.03296875 294.0 294.0 661.0 661.0 167.0 167.0 5.947112321853638
10 14.968356250000006 6944.0 0.5 0.031718750000000004 0.03296875 379.0 379.0 761.0 761.0 201.0 201.0 6.553582429885864
11 14.969553125000004 6970.0 0.5 0.033828125 0.0309375 769.0 769.0 1402.0 1402.0 207.0 207.0 7.172240734100342
12 14.970646875000007 7074.0 0.5 0.0325 0.034140625 1237.0 1237.0 1854.0 1854.0 192.0 192.0 7.758634090423584
13 14.971740625000002 7212.0 0.5 0.0340625 0.032109375 1445.0 1445.0 1976.0 1976.0 205.0 205.0 8.361758708953857
14 14.972931250000002 6854.0 0.5 0.031796875 0.030625 1958.0 1958.0 2403.0 2403.0 172.0 172.0 8.97434663772583
15 14.974121875000002 6949.0 0.5 0.031640625 0.032109375 3233.0 3233.0 3701.0 3701.0 178.0 178.0 9.59152865409851
16 14.975315625000007 6941.0 0.5 0.034296875 0.03421875 4377.0 4377.0 4673.0 4673.0 228.0 228.0 10.23828935623169
17 14.976621875000006 7083.0 0.5 0.033203125 0.0328125 3891.0 3891.0 4200.0 4200.0 182.0 182.0 10.871981143951416
18 14.977721875000007 7097.0 0.5 0.031953125 0.032890625 2490.0 2490.0 2724.0 2724.0 183.0 183.0 11.481740236282349
19 14.978912500000007 7030.0 0.5 0.033359375000000004 0.03328125 1497.0 1497.0 1720.0 1720.0 213.0 213.0 12.072689294815063
20 14.980025000000005 6985.0 0.5 0.0321875 0.03421875 942.0 942.0 1227.0 1227.0 196.0 196.0 12.661977291107178
21 14.981246875000004 7014.0 0.5 0.0328125 0.0328125 602.0 602.0 878.0 878.0 197.0 197.0 13.29676342010498
22 14.98252500000001 7045.0 0.5 0.03265625 0.030546875 440.0 440.0 659.0 659.0 203.0 203.0 13.986713409423828
23 14.983721875000008 6971.0 0.5 0.030859375 0.0340625 317.0 317.0 519.0 519.0 228.0 228.0 14.596398830413818
24 14.984915625000006 7108.0 0.5 0.03328125 0.032578125 236.0 236.0 425.0 425.0 171.0 171.0 15.206347465515137
25 14.986015625000007 7040.0 0.5 0.030859375 0.033984375000000004 241.0 241.0 418.0 418.0 205.0 205.0 15.798002243041992
26 14.987212500000005 7013.0 0.5 0.033671875000000004 0.0328125 159.0 159.0 341.0 341.0 197.0 197.0 16.41593074798584
27 14.988403125000005 6953.0 0.5 0.03265625 0.03375 149.0 149.0 427.0 427.0 184.0 184.0 17.04004216194153
28 14.989500000000007 7105.0 0.5 0.032734375 0.032421875 137.0 137.0 343.0 343.0 213.0 213.0 17.628753423690796
29 14.990693750000005 6995.0 0.5 0.03234375 0.031015625 106.0 106.0 333.0 333.0 192.0 192.0 18.197860717773438
30 14.991884375000005 6993.0 0.5 0.0340625 0.03296875 111.0 111.0 290.0 290.0 181.0 181.0 18.84710383415222
31 14.992887500000009 6907.0 0.5 0.0321875 0.033046875 87.0 87.0 307.0 307.0 205.0 205.0 19.417943716049194
32 14.994009375000005 6938.0 0.5 0.03296875 0.032109375 99.0 99.0 376.0 376.0 176.0 176.0 19.97196626663208
33 14.995212500000001 7099.0 0.5 0.0328125 0.033828125 64.0 64.0 297.0 297.0 214.0 214.0 20.60676598548889
34 14.99600000000001 7167.0 0.5 0.03296875 0.033125 64.0 64.0 236.0 236.0 182.0 182.0 21.349764347076416
