#S 13554 ascan omega 14.9062 14.9462 40 0.5
#U p23user
#D Sun Jun 13 12:31:00 2021
#C Acquisition started at Sun Jun 13 12:31:00 2021
#O0 atten  attenpos  avg_beamcurrent  dcm_exitoffset  dcmbragg  diffractometer_h  diffractometer_k  diffractometer_l
#O1 gx  gy  gz  lmbd_compressionrate  lmbd_delaytime  lmbd_depth  lmbd_distortioncorrection  lmbd_energythreshold
#O2 lmbd_filestartnum  lmbd_framenumbers  lmbd_framesperfile  lmbd_height  lmbd_latestimagenumber  lmbd_shuttertime  lmbd_shuttertimemax  lmbd_shuttertimemin
#O3 lmbd_threadno  lmbd_totallossframes  lmbd_triggermode  lmbd_width  mnchrmtr  mono1roll  mono2par  mono2perp
#O4 mono2pitch  mono2roll  mono_height  monotrans  monoyaw  monoz1  monoz2  monoz3
#O5 ohsl1b  ohsl1h  ohsl1hgap  ohsl1l  ohsl1r  ohsl1t  ohsl1v  ohsl1vgap
#O6 ohsl2b  ohsl2h  ohsl2hgap  ohsl2l  ohsl2r  ohsl2t  ohsl2v  ohsl2vgap
#O7 phi  ps1v  ps1vg  ps2l  ps2r  ps2v  ps2vg  sl3b
#O8 sl3h  sl3hgap  sl3l  sl3r  sl3t  sl3v  sl3vgap  sl4b
#O9 sl4h  sl4hgap  sl4l  sl4r  sl4t  sl4v  sl4vgap  source_energy
#O10 und_en  undulator_gap  undulator_harmonic  undulator_phase  undulator_taper
#P0 1.0 0.0 94.35449981689453 20.7 23.602047552927516 1.0000014216979876 4.433991595378202e-08 8.994580973971642e-05
#P1 -0.8900000000000006 -3.0 -0.71798828125 2 0.0 24 1 2300.0
#P2 0 1 1 516 -1 1000.0 2147483647.0 0.0
#P3 0 0 0 1556 4937.999993628039 0.0 25.850312499999987 11.231656249999999
#P4 0.06485081585081587 0.0295 3.906075 -21.0 -0.01 3.906075 3.9 3.9
#P5 19.95 0.60665 2.0 1.6066500000000001 -0.3933500000000001 22.95 21.45 3.0
#P6 19.45 -10.084000000000001 3.9999999999999964 -8.084000000000003 -12.084 23.450000000000003 21.450000000000003 4.0000000000000036
#P7 -0.160000000000025 0.38572000000000006 1.0 1.7031499999999995 0.4837600000000002 0.38651499999999994 0.8000000000000007 -0.09999999999999787
#P8 3.552713678800501e-15 0.20000000000000995 0.10000000000000853 -0.10000000000000142 0.09999999999999432 -1.7763568394002505e-15 0.19999999999999218 -2.043199999999999
#P9 -0.5645000000000024 4.0 1.4354999999999976 -2.5645000000000024 1.9567999999999977 -0.04320000000000057 3.9999999999999964 6.083441734313965
#P10 4887.90576171875 14.793999671936035 1 0.0 0.0
#N 13
#L Pt_No  omega  eh_c01  eh_t01  sl_mon_b_vol  sl_mon_t_vol  lmbd_countsroi1  lmbd_countsroi1_atten  lmbd_countsroi2  lmbd_countsroi2_atten  lmbd_countsroi3  lmbd_countsroi3_atten  dt
0 14.906565624999999 7249.0 0.5 0.033359375000000004 0.032734375 1020.0 1020.0 3787.0 3787.0 197.0 197.0 0.5548577308654785
1 14.90760000000001 7285.0 0.5 0.031796875 0.031953125 1094.0 1094.0 3840.0 3840.0 220.0 220.0 1.1226401329040527
2 14.908709375000008 7254.0 0.5 0.03421875 0.03296875 1319.0 1319.0 4252.0 4252.0 210.0 210.0 1.692178726196289
3 14.909734375000006 7354.0 0.5 0.032734375 0.033671875000000004 1581.0 1581.0 4761.0 4761.0 190.0 190.0 2.2530357837677
4 14.91096875000001 7248.0 0.5 0.03125 0.033828125 1946.0 1946.0 5325.0 5325.0 197.0 197.0 2.8826777935028076
5 14.912109375 7343.0 0.5 0.03 0.034609375 2527.0 2527.0 6168.0 6168.0 190.0 190.0 3.4882969856262207
6 14.913234375000009 7416.0 0.5 0.031015625 0.034296875 3109.0 3109.0 6950.0 6950.0 206.0 206.0 4.037710905075073
7 14.914446875000003 7431.0 0.5 0.03359375 0.03359375 4034.0 4034.0 8235.0 8235.0 219.0 219.0 4.667849063873291
8 14.91544062500001 7228.0 0.5 0.032890625 0.034140625 5476.0 5476.0 10106.0 10106.0 209.0 209.0 5.239824056625366
9 14.916646875000005 7406.0 0.5 0.031718750000000004 0.034921875 7092.0 7092.0 12014.0 12014.0 208.0 208.0 5.820588827133179
10 14.917859375000006 7351.0 0.5 0.03375 0.035312500000000004 9954.0 9954.0 15580.0 15580.0 213.0 213.0 6.4709389209747314
11 14.918868750000009 7318.0 0.5 0.034453125 0.03265625 14481.0 14481.0 20915.0 20915.0 208.0 208.0 7.035210132598877
12 14.920059375000001 7430.0 0.5 0.032109375 0.033046875 22363.0 22363.0 29327.0 29327.0 198.0 198.0 7.620866537094116
13 14.921059375000006 7313.0 0.5 0.035234375 0.032734375 33207.0 33207.0 40875.0 40875.0 207.0 207.0 8.151403665542603
14 14.922274999999999 7269.0 0.5 0.035937500000000004 0.033359375000000004 58798.0 58798.0 65994.0 65994.0 232.0 232.0 8.792476415634155
15 14.923475000000003 7281.0 0.5 0.03484375 0.032421875 96136.0 96136.0 102433.0 102433.0 202.0 202.0 9.381192684173584
16 14.924478125 7318.0 0.5 0.03296875 0.033046875 122773.0 122773.0 127508.0 127508.0 208.0 208.0 9.959221363067627
17 14.925593750000004 7450.0 0.5 0.0325 0.033828125 112430.0 112430.0 115687.0 115687.0 255.0 255.0 10.524580955505371
18 14.92670625000001 7244.0 0.5 0.031953125 0.0321875 74866.0 74866.0 77310.0 77310.0 219.0 219.0 11.119339942932129
19 14.927906250000007 7313.0 0.5 0.033203125 0.033046875 45085.0 45085.0 47041.0 47041.0 202.0 202.0 11.71945333480835
20 14.928928125000006 7249.0 0.5 0.033671875000000004 0.033359375000000004 29040.0 29040.0 30910.0 30910.0 191.0 191.0 12.277974843978882
21 14.930134375000009 7210.0 0.5 0.031406250000000004 0.031484375 19637.0 19637.0 21222.0 21222.0 196.0 196.0 12.864456176757812
22 14.931234375000003 7494.0 0.5 0.035312500000000004 0.03265625 13968.0 13968.0 15331.0 15331.0 195.0 195.0 13.472765922546387
23 14.932521875000006 7430.0 0.5 0.032578125 0.033125 10200.0 10200.0 11417.0 11417.0 210.0 210.0 14.108428716659546
24 14.933521875000004 7279.0 0.5 0.033671875000000004 0.034375 7778.0 7778.0 8964.0 8964.0 209.0 209.0 14.708478689193726
25 14.934771875000003 7451.0 0.5 0.031406250000000004 0.03203125 6283.0 6283.0 7342.0 7342.0 208.0 208.0 15.30358076095581
26 14.936171875000007 7292.0 0.5 0.03234375 0.033671875000000004 4841.0 4841.0 5815.0 5815.0 209.0 209.0 16.033451795578003
27 14.937162500000007 7553.0 0.5 0.033828125 0.032421875 4338.0 4338.0 5297.0 5297.0 244.0 244.0 16.57689642906189
28 14.938353125000006 7352.0 0.5 0.034921875 0.034296875 3551.0 3551.0 4489.0 4489.0 221.0 221.0 17.192171573638916
29 14.939543750000006 7417.0 0.5 0.034765625 0.0346875 3019.0 3019.0 3935.0 3935.0 193.0 193.0 17.856017112731934
30 14.940737500000004 7356.0 0.5 0.035390625 0.03296875 2684.0 2684.0 3518.0 3518.0 228.0 228.0 18.43528652191162
31 14.94193437500001 7270.0 0.5 0.033515625 0.03359375 2287.0 2287.0 3078.0 3078.0 206.0 206.0 19.037339448928833
32 14.943056250000005 7456.0 0.5 0.03375 0.033359375000000004 2110.0 2110.0 2841.0 2841.0 197.0 197.0 19.654887199401855
33 14.944181250000007 7323.0 0.5 0.032734375 0.03390625 1802.0 1802.0 2630.0 2630.0 210.0 210.0 20.25267481803894
34 14.945315625000006 7336.0 0.5 0.03453125 0.03296875 1611.0 1611.0 2486.0 2486.0 231.0 231.0 20.85598063468933
35 14.945999999999998 7366.0 0.5 0.036328125 0.03375 1421.0 1421.0 2274.0 2274.0 224.0 224.0 21.52355933189392
