#S 13550 ascan omega 14.9187 14.9587 40 0.5
#U p23user
#D Sun Jun 13 12:28:25 2021
#C Acquisition started at Sun Jun 13 12:28:25 2021
#O0 atten  attenpos  avg_beamcurrent  dcm_exitoffset  dcmbragg  diffractometer_h  diffractometer_k  diffractometer_l
#O1 gx  gy  gz  lmbd_compressionrate  lmbd_delaytime  lmbd_depth  lmbd_distortioncorrection  lmbd_energythreshold
#O2 lmbd_filestartnum  lmbd_framenumbers  lmbd_framesperfile  lmbd_height  lmbd_latestimagenumber  lmbd_shuttertime  lmbd_shuttertimemax  lmbd_shuttertimemin
#O3 lmbd_threadno  lmbd_totallossframes  lmbd_triggermode  lmbd_width  mnchrmtr  mono1roll  mono2par  mono2perp
#O4 mono2pitch  mono2roll  mono_height  monotrans  monoyaw  monoz1  monoz2  monoz3
#O5 ohsl1b  ohsl1h  ohsl1hgap  ohsl1l  ohsl1r  ohsl1t  ohsl1v  ohsl1vgap
#O6 ohsl2b  ohsl2h  ohsl2hgap  ohsl2l  ohsl2r  ohsl2t  ohsl2v  ohsl2vgap
#O7 phi  ps1v  ps1vg  ps2l  ps2r  ps2v  ps2vg  sl3b
#O8 sl3h  sl3hgap  sl3l  sl3r  sl3t  sl3v  sl3vgap  sl4b
#O9 sl4h  sl4hgap  sl4l  sl4r  sl4t  sl4v  sl4vgap  source_energy
#O10 und_en  undulator_gap  undulator_harmonic  undulator_phase  undulator_taper
#P0 1.0 0.0 94.12532806396484 20.7 23.622347607709514 1.0000009061665078 4.924542714180634e-08 9.011843734950258e-05
#P1 -0.8900000000000006 -3.0 -0.71798828125 2 0.0 24 1 2300.0
#P2 0 1 1 516 -1 1000.0 2147483647.0 0.0
#P3 0 0 0 1556 4934.000277702681 0.0 25.829375 11.233468749999998
#P4 0.06485081585081587 0.0295 3.906075 -21.0 -0.01 3.906075 3.9 3.9
#P5 19.95 0.60665 2.0 1.6066500000000001 -0.3933500000000001 22.95 21.45 3.0
#P6 19.45 -10.084000000000001 3.9999999999999964 -8.084000000000003 -12.084 23.450000000000003 21.450000000000003 4.0000000000000036
#P7 -0.160000000000025 0.38572000000000006 1.0 1.7031499999999995 0.4837600000000002 0.38651499999999994 0.8000000000000007 -0.09999999999999787
#P8 3.552713678800501e-15 0.20000000000000995 0.10000000000000853 -0.10000000000000142 0.09999999999999432 -1.7763568394002505e-15 0.19999999999999218 -2.043199999999999
#P9 -0.5645000000000024 4.0 1.4354999999999976 -2.5645000000000024 1.9567999999999977 -0.04320000000000057 3.9999999999999964 6.083441734313965
#P10 4883.9697265625 14.786999702453613 1 0.0 0.0
#N 13
#L Pt_No  omega  eh_c01  eh_t01  sl_mon_b_vol  sl_mon_t_vol  lmbd_countsroi1  lmbd_countsroi1_atten  lmbd_countsroi2  lmbd_countsroi2_atten  lmbd_countsroi3  lmbd_countsroi3_atten  dt
0 14.919103125000007 7470.0 0.5 0.034765625 0.03421875 255.0 255.0 1259.0 1259.0 229.0 229.0 0.5496947765350342
1 14.920225000000002 7238.0 0.5 0.033828125 0.03234375 288.0 288.0 1158.0 1158.0 192.0 192.0 1.141326904296875
2 14.921234375000004 7382.0 0.5 0.0334375 0.0340625 362.0 362.0 1302.0 1302.0 216.0 216.0 1.6918060779571533
3 14.922446875000006 7196.0 0.5 0.031484375 0.03234375 446.0 446.0 1406.0 1406.0 197.0 197.0 2.344081401824951
4 14.923840625000011 7210.0 0.5 0.03203125 0.031484375 561.0 561.0 1560.0 1560.0 192.0 192.0 3.0890088081359863
5 14.92504375 7214.0 0.5 0.035937500000000004 0.033671875000000004 646.0 646.0 1692.0 1692.0 205.0 205.0 3.668179512023926
6 14.926243750000005 7329.0 0.5 0.0334375 0.03203125 918.0 918.0 2133.0 2133.0 204.0 204.0 4.280681848526001
7 14.927259374999998 7291.0 0.5 0.03359375 0.03453125 1137.0 1137.0 2362.0 2362.0 201.0 201.0 4.859066963195801
8 14.928468750000008 7328.0 0.5 0.033046875 0.03359375 1482.0 1482.0 2939.0 2939.0 202.0 202.0 5.4792749881744385
9 14.929700000000011 7267.0 0.5 0.03390625 0.033203125 2118.0 2118.0 3570.0 3570.0 219.0 219.0 6.102219104766846
10 14.930825000000006 7258.0 0.5 0.03515625 0.0340625 2861.0 2861.0 4545.0 4545.0 224.0 224.0 6.703494310379028
11 14.931931250000005 7306.0 0.5 0.031406250000000004 0.0340625 4424.0 4424.0 6262.0 6262.0 220.0 220.0 7.31798243522644
12 14.933115625000006 7225.0 0.5 0.033515625 0.031796875 6757.0 6757.0 8715.0 8715.0 234.0 234.0 7.9196295738220215
13 14.934306250000006 7299.0 0.5 0.032890625 0.03390625 11112.0 11112.0 13185.0 13185.0 214.0 214.0 8.510345220565796
14 14.935325000000006 7277.0 0.5 0.03296875 0.032421875 19283.0 19283.0 21056.0 21056.0 197.0 197.0 9.09185266494751
15 14.936725000000003 7309.0 0.5 0.033046875 0.03296875 31633.0 31633.0 33152.0 33152.0 205.0 205.0 9.754165172576904
16 14.937634375000002 7042.0 0.5 0.0315625 0.0346875 34779.0 34779.0 35877.0 35877.0 197.0 197.0 10.28059434890747
17 14.938734375000003 7422.0 0.5 0.031171875 0.036484375 26557.0 26557.0 27407.0 27407.0 201.0 201.0 10.863585472106934
18 14.939853125000006 7252.0 0.5 0.0321875 0.03296875 16496.0 16496.0 17260.0 17260.0 216.0 216.0 11.429793119430542
19 14.941046875000005 7364.0 0.5 0.035703125 0.032421875 9736.0 9736.0 10463.0 10463.0 228.0 228.0 12.054346323013306
20 14.942134375000009 7275.0 0.5 0.033984375000000004 0.035546875 6060.0 6060.0 6713.0 6713.0 202.0 202.0 12.647788524627686
21 14.943312500000005 7279.0 0.5 0.032890625 0.033828125 4313.0 4313.0 4866.0 4866.0 207.0 207.0 13.226133584976196
22 14.944306250000004 7390.0 0.5 0.03546875 0.034140625 3233.0 3233.0 3722.0 3722.0 214.0 214.0 13.784739255905151
23 14.945581250000004 7299.0 0.5 0.034375 0.033046875 2424.0 2424.0 2967.0 2967.0 182.0 182.0 14.430633068084717
24 14.946662500000002 7449.0 0.5 0.03328125 0.034140625 1942.0 1942.0 2384.0 2384.0 199.0 199.0 14.978338956832886
25 14.947790625000003 7311.0 0.5 0.030234375 0.03328125 1580.0 1580.0 2033.0 2033.0 255.0 255.0 15.596720695495605
26 14.948931250000001 7296.0 0.5 0.033671875000000004 0.033359375000000004 1298.0 1298.0 1656.0 1656.0 207.0 207.0 16.179457902908325
27 14.950125000000007 7287.0 0.5 0.033828125 0.032578125 1067.0 1067.0 1472.0 1472.0 208.0 208.0 16.82357406616211
28 14.951509375000008 7253.0 0.5 0.03484375 0.03359375 901.0 901.0 1267.0 1267.0 224.0 224.0 17.54698896408081
29 14.952884375000004 7142.0 0.5 0.0334375 0.033125 758.0 758.0 1213.0 1213.0 212.0 212.0 18.255850791931152
30 14.954071875000004 7274.0 0.5 0.033046875 0.03421875 674.0 674.0 998.0 998.0 221.0 221.0 18.82706356048584
31 14.955196875000006 7464.0 0.5 0.03328125 0.034453125 603.0 603.0 940.0 940.0 198.0 198.0 19.448595762252808
32 14.956312500000003 7291.0 0.5 0.0328125 0.033984375000000004 500.0 500.0 844.0 844.0 193.0 193.0 20.040546655654907
33 14.957515625000006 7288.0 0.5 0.03328125 0.033671875000000004 434.0 434.0 767.0 767.0 184.0 184.0 20.646787881851196
34 14.958462500000003 7181.0 0.5 0.0321875 0.033203125 381.0 381.0 794.0 794.0 167.0 167.0 21.216896295547485
