#S 13565 ascan omega 14.8717 14.9117 40 0.5
#U p23user
#D Sun Jun 13 12:38:09 2021
#C Acquisition started at Sun Jun 13 12:38:09 2021
#O0 atten  attenpos  avg_beamcurrent  dcm_exitoffset  dcmbragg  diffractometer_h  diffractometer_k  diffractometer_l
#O1 gx  gy  gz  lmbd_compressionrate  lmbd_delaytime  lmbd_depth  lmbd_distortioncorrection  lmbd_energythreshold
#O2 lmbd_filestartnum  lmbd_framenumbers  lmbd_framesperfile  lmbd_height  lmbd_latestimagenumber  lmbd_shuttertime  lmbd_shuttertimemax  lmbd_shuttertimemin
#O3 lmbd_threadno  lmbd_totallossframes  lmbd_triggermode  lmbd_width  mnchrmtr  mono1roll  mono2par  mono2perp
#O4 mono2pitch  mono2roll  mono_height  monotrans  monoyaw  monoz1  monoz2  monoz3
#O5 ohsl1b  ohsl1h  ohsl1hgap  ohsl1l  ohsl1r  ohsl1t  ohsl1v  ohsl1vgap
#O6 ohsl2b  ohsl2h  ohsl2hgap  ohsl2l  ohsl2r  ohsl2t  ohsl2v  ohsl2vgap
#O7 phi  ps1v  ps1vg  ps2l  ps2r  ps2v  ps2vg  sl3b
#O8 sl3h  sl3hgap  sl3l  sl3r  sl3t  sl3v  sl3vgap  sl4b
#O9 sl4h  sl4hgap  sl4l  sl4r  sl4t  sl4v  sl4vgap  source_energy
#O10 und_en  undulator_gap  undulator_harmonic  undulator_phase  undulator_taper
#P0 1.0 0.0 94.73102569580078 20.7 23.54640589182064 1.000001319476202 4.4339932516416946e-08 8.994581770329599e-05
#P1 -0.8900000000000006 -3.0 -0.71798828125 2 0.0 24 1 2300.0
#P2 0 1 1 516 -1 1000.0 2147483647.0 0.0
#P3 0 0 0 1556 4949.000343261199 0.0 25.90793749999999 11.22675
#P4 0.06485081585081587 0.0295 3.906075 -21.0 -0.01 3.906075 3.9 3.9
#P5 19.95 0.60665 2.0 1.6066500000000001 -0.3933500000000001 22.95 21.45 3.0
#P6 19.45 -10.084000000000001 3.9999999999999964 -8.084000000000003 -12.084 23.450000000000003 21.450000000000003 4.0000000000000036
#P7 -0.160000000000025 0.38572000000000006 1.0 1.7031499999999995 0.4837600000000002 0.38651499999999994 0.8000000000000007 -0.09999999999999787
#P8 3.552713678800501e-15 0.20000000000000995 0.10000000000000853 -0.10000000000000142 0.09999999999999432 -1.7763568394002505e-15 0.19999999999999218 -2.043199999999999
#P9 -0.5645000000000024 4.0 1.4354999999999976 -2.5645000000000024 1.9567999999999977 -0.04320000000000057 3.9999999999999964 6.083441734313965
#P10 4899.1552734375 14.814000129699707 1 0.0 0.0
#N 13
#L Pt_No  omega  eh_c01  eh_t01  sl_mon_b_vol  sl_mon_t_vol  lmbd_countsroi1  lmbd_countsroi1_atten  lmbd_countsroi2  lmbd_countsroi2_atten  lmbd_countsroi3  lmbd_countsroi3_atten  dt
0 14.872165625000001 7717.0 0.5 0.033828125 0.03015625 1458.0 1458.0 5591.0 5591.0 230.0 230.0 0.523160457611084
1 14.873218750000007 7653.0 0.5 0.034609375 0.031406250000000004 1742.0 1742.0 5703.0 5703.0 217.0 217.0 1.1201179027557373
2 14.87431875 7585.0 0.5 0.0346875 0.031953125 2090.0 2090.0 6325.0 6325.0 225.0 225.0 1.7144136428833008
3 14.875321875000004 7587.0 0.5 0.03625 0.033359375000000004 2500.0 2500.0 7021.0 7021.0 216.0 216.0 2.2480316162109375
4 14.87654375000001 7601.0 0.5 0.033984375000000004 0.033125 3035.0 3035.0 7966.0 7966.0 243.0 243.0 2.925161600112915
5 14.877771875000008 7573.0 0.5 0.034921875 0.032890625 3774.0 3774.0 8903.0 8903.0 215.0 215.0 3.4888064861297607
6 14.87880937500001 7671.0 0.5 0.033203125 0.031796875 4750.0 4750.0 10268.0 10268.0 233.0 233.0 4.058702230453491
7 14.880025000000003 7489.0 0.5 0.033984375000000004 0.0334375 6216.0 6216.0 12278.0 12278.0 213.0 213.0 4.718368291854858
8 14.881228125 7614.0 0.5 0.033828125 0.033203125 8411.0 8411.0 15079.0 15079.0 211.0 211.0 5.318820953369141
9 14.88243437500001 7523.0 0.5 0.033125 0.03421875 10752.0 10752.0 17904.0 17904.0 230.0 230.0 5.9187400341033936
10 14.883434375000007 7509.0 0.5 0.034453125 0.034375 14675.0 14675.0 22549.0 22549.0 216.0 216.0 6.5028076171875
11 14.88464062500001 7530.0 0.5 0.03609375 0.03453125 21672.0 21672.0 30668.0 30668.0 228.0 228.0 7.115822792053223
12 14.885850000000005 7575.0 0.5 0.034765625 0.035078125 32220.0 32220.0 41298.0 41298.0 246.0 246.0 7.691373348236084
13 14.886853125000009 7585.0 0.5 0.035546875 0.032421875 49165.0 49165.0 58668.0 58668.0 195.0 195.0 8.26991891860962
14 14.888000000000005 7514.0 0.5 0.0325 0.034765625 80820.0 80820.0 89059.0 89059.0 197.0 197.0 8.850319862365723
15 14.88911250000001 7525.0 0.5 0.03328125 0.031875 132585.0 132585.0 139340.0 139340.0 197.0 197.0 9.459029197692871
16 14.890331250000003 7572.0 0.5 0.03484375 0.033046875 175172.0 175172.0 180443.0 180443.0 207.0 207.0 10.070821762084961
17 14.891421875000006 7565.0 0.5 0.03359375 0.033125 166052.0 166052.0 170111.0 170111.0 234.0 234.0 10.641894102096558
18 14.892528125000005 7530.0 0.5 0.035859375 0.0334375 118351.0 118351.0 121781.0 121781.0 252.0 252.0 11.23325490951538
19 14.893743749999999 7669.0 0.5 0.034609375 0.032890625 74268.0 74268.0 77263.0 77263.0 185.0 185.0 11.831368446350098
20 14.894753125000001 7542.0 0.5 0.034375 0.033046875 47459.0 47459.0 50018.0 50018.0 231.0 231.0 12.41908860206604
21 14.895940625000001 7563.0 0.5 0.03234375 0.033046875 32342.0 32342.0 34590.0 34590.0 202.0 202.0 12.998364686965942
22 14.897131250000001 7663.0 0.5 0.0325 0.0321875 22077.0 22077.0 24111.0 24111.0 221.0 221.0 13.65293836593628
23 14.898325000000007 7729.0 0.5 0.032734375 0.03359375 17003.0 17003.0 18690.0 18690.0 216.0 216.0 14.241089582443237
24 14.899515625000006 7604.0 0.5 0.03359375 0.0346875 12864.0 12864.0 14466.0 14466.0 210.0 210.0 14.8548903465271
25 14.900718750000003 7671.0 0.5 0.035 0.03421875 10193.0 10193.0 11647.0 11647.0 217.0 217.0 15.477222919464111
26 14.901721875 7644.0 0.5 0.032890625 0.03390625 8481.0 8481.0 9878.0 9878.0 209.0 209.0 16.055888175964355
27 14.902918750000005 7616.0 0.5 0.033984375000000004 0.0334375 7048.0 7048.0 8462.0 8462.0 226.0 226.0 16.66582179069519
28 14.90411562500001 7626.0 0.5 0.0328125 0.034453125 5946.0 5946.0 7246.0 7246.0 190.0 190.0 17.270856857299805
29 14.905303125000003 7693.0 0.5 0.033984375000000004 0.0340625 4992.0 4992.0 6204.0 6204.0 229.0 229.0 17.92103600502014
30 14.906475000000007 7491.0 0.5 0.032890625 0.03265625 4454.0 4454.0 5745.0 5745.0 206.0 206.0 18.547624349594116
31 14.907775 7628.0 0.5 0.034921875 0.032890625 3816.0 3816.0 5015.0 5015.0 204.0 204.0 19.188453912734985
32 14.90887187500001 7544.0 0.5 0.03578125 0.03375 3286.0 3286.0 4615.0 4615.0 223.0 223.0 19.751725912094116
33 14.910068750000008 7704.0 0.5 0.032734375 0.03453125 2835.0 2835.0 4121.0 4121.0 232.0 232.0 20.378851652145386
34 14.911368750000001 7732.0 0.5 0.032578125 0.032890625 2333.0 2333.0 3621.0 3621.0 201.0 201.0 21.086302995681763
