#S 13553 ascan omega 14.9093 14.9493 40 0.5
#U p23user
#D Sun Jun 13 12:30:21 2021
#C Acquisition started at Sun Jun 13 12:30:21 2021
#O0 atten  attenpos  avg_beamcurrent  dcm_exitoffset  dcmbragg  diffractometer_h  diffractometer_k  diffractometer_l
#O1 gx  gy  gz  lmbd_compressionrate  lmbd_delaytime  lmbd_depth  lmbd_distortioncorrection  lmbd_energythreshold
#O2 lmbd_filestartnum  lmbd_framenumbers  lmbd_framesperfile  lmbd_height  lmbd_latestimagenumber  lmbd_shuttertime  lmbd_shuttertimemax  lmbd_shuttertimemin
#O3 lmbd_threadno  lmbd_totallossframes  lmbd_triggermode  lmbd_width  mnchrmtr  mono1roll  mono2par  mono2perp
#O4 mono2pitch  mono2roll  mono_height  monotrans  monoyaw  monoz1  monoz2  monoz3
#O5 ohsl1b  ohsl1h  ohsl1hgap  ohsl1l  ohsl1r  ohsl1t  ohsl1v  ohsl1vgap
#O6 ohsl2b  ohsl2h  ohsl2hgap  ohsl2l  ohsl2r  ohsl2t  ohsl2v  ohsl2vgap
#O7 phi  ps1v  ps1vg  ps2l  ps2r  ps2v  ps2vg  sl3b
#O8 sl3h  sl3hgap  sl3l  sl3r  sl3t  sl3v  sl3vgap  sl4b
#O9 sl4h  sl4hgap  sl4l  sl4r  sl4t  sl4v  sl4vgap  source_energy
#O10 und_en  undulator_gap  undulator_harmonic  undulator_phase  undulator_taper
#P0 1.0 0.0 94.01435852050781 20.7 23.60712287924211 1.0000011132222286 4.4339923405238856e-08 8.99457649118309e-05
#P1 -0.8900000000000006 -3.0 -0.71798828125 2 0.0 24 1 2300.0
#P2 0 1 1 516 -1 1000.0 2147483647.0 0.0
#P3 0 0 0 1556 4936.999574006634 0.0 25.845124999999996 11.232124999999998
#P4 0.06485081585081587 0.0295 3.906075 -21.0 -0.01 3.906075 3.9 3.9
#P5 19.95 0.60665 2.0 1.6066500000000001 -0.3933500000000001 22.95 21.45 3.0
#P6 19.45 -10.084000000000001 3.9999999999999964 -8.084000000000003 -12.084 23.450000000000003 21.450000000000003 4.0000000000000036
#P7 -0.160000000000025 0.38572000000000006 1.0 1.7031499999999995 0.4837600000000002 0.38651499999999994 0.8000000000000007 -0.09999999999999787
#P8 3.552713678800501e-15 0.20000000000000995 0.10000000000000853 -0.10000000000000142 0.09999999999999432 -1.7763568394002505e-15 0.19999999999999218 -2.043199999999999
#P9 -0.5645000000000024 4.0 1.4354999999999976 -2.5645000000000024 1.9567999999999977 -0.04320000000000057 3.9999999999999964 6.083441734313965
#P10 4886.7802734375 14.791999816894531 1 0.0 0.0
#N 13
#L Pt_No  omega  eh_c01  eh_t01  sl_mon_b_vol  sl_mon_t_vol  lmbd_countsroi1  lmbd_countsroi1_atten  lmbd_countsroi2  lmbd_countsroi2_atten  lmbd_countsroi3  lmbd_countsroi3_atten  dt
0 14.909706250000006 7174.0 0.5 0.034453125 0.031484375 649.0 649.0 2714.0 2714.0 197.0 197.0 0.5447862148284912
1 14.910646875000005 7371.0 0.5 0.034921875 0.032265625 733.0 733.0 2608.0 2608.0 214.0 214.0 1.0955381393432617
2 14.911840625000004 7544.0 0.5 0.0340625 0.032109375 952.0 952.0 3028.0 3028.0 192.0 192.0 1.6931204795837402
3 14.913034375000002 7459.0 0.5 0.031953125 0.03484375 1169.0 1169.0 3291.0 3291.0 215.0 215.0 2.3041391372680664
4 14.914150000000006 7138.0 0.5 0.033203125 0.033984375000000004 1372.0 1372.0 3698.0 3698.0 217.0 217.0 2.8969428539276123
5 14.915243750000002 7339.0 0.5 0.03421875 0.034296875 1613.0 1613.0 4145.0 4145.0 217.0 217.0 3.48051381111145
6 14.916428125000003 7529.0 0.5 0.033203125 0.0346875 2197.0 2197.0 4884.0 4884.0 221.0 221.0 4.063018560409546
7 14.917515625 7361.0 0.5 0.034453125 0.033515625 2730.0 2730.0 5592.0 5592.0 204.0 204.0 4.658252954483032
8 14.918618750000007 7509.0 0.5 0.031171875 0.032890625 3693.0 3693.0 6854.0 6854.0 222.0 222.0 5.257054805755615
9 14.920040625000006 7355.0 0.5 0.03421875 0.033359375000000004 5089.0 5089.0 8604.0 8604.0 258.0 258.0 5.959076166152954
10 14.921040625000003 7474.0 0.5 0.03359375 0.033046875 6803.0 6803.0 10767.0 10767.0 189.0 189.0 6.5355963706970215
11 14.922243750000007 7346.0 0.5 0.03390625 0.033046875 10204.0 10204.0 14837.0 14837.0 206.0 206.0 7.117145538330078
12 14.923640625000004 7196.0 0.5 0.0328125 0.032109375 17195.0 17195.0 22095.0 22095.0 228.0 228.0 7.825352907180786
13 14.924631250000004 7275.0 0.5 0.03390625 0.035234375 26532.0 26532.0 31878.0 31878.0 216.0 216.0 8.37890076637268
14 14.925850000000004 7247.0 0.5 0.033671875000000004 0.033125 48294.0 48294.0 53024.0 53024.0 215.0 215.0 9.045593738555908
15 14.927078125000001 7162.0 0.5 0.0340625 0.030234375 76906.0 76906.0 80569.0 80569.0 202.0 202.0 9.70313286781311
16 14.928287500000003 7225.0 0.5 0.03359375 0.035 83395.0 83395.0 86083.0 86083.0 217.0 217.0 10.316589117050171
17 14.929490625000007 7375.0 0.5 0.033125 0.032734375 62287.0 62287.0 64240.0 64240.0 228.0 228.0 10.8948814868927
18 14.930715625000005 7378.0 0.5 0.033203125 0.032734375 35921.0 35921.0 37452.0 37452.0 211.0 211.0 11.568717241287231
19 14.931912500000003 7418.0 0.5 0.033359375000000004 0.032265625 21926.0 21926.0 23184.0 23184.0 201.0 201.0 12.15139651298523
20 14.932925000000004 7277.0 0.5 0.034921875 0.0328125 14613.0 14613.0 15824.0 15824.0 200.0 200.0 12.741919755935669
21 14.934134375000006 7392.0 0.5 0.033203125 0.0340625 9728.0 9728.0 10751.0 10751.0 200.0 200.0 13.385648250579834
22 14.935328125000005 7280.0 0.5 0.033828125 0.034453125 7068.0 7068.0 7922.0 7922.0 203.0 203.0 14.008936166763306
23 14.936518750000005 7350.0 0.5 0.032890625 0.03359375 5485.0 5485.0 6437.0 6437.0 211.0 211.0 14.591158390045166
24 14.937709375000004 7254.0 0.5 0.032109375 0.0325 4270.0 4270.0 5051.0 5051.0 211.0 211.0 15.234266519546509
25 14.938900000000004 7329.0 0.5 0.033203125 0.031875 3490.0 3490.0 4252.0 4252.0 205.0 205.0 15.850635051727295
26 14.939900000000009 7495.0 0.5 0.0325 0.033125 3010.0 3010.0 3824.0 3824.0 202.0 202.0 16.40106439590454
27 14.941090625000001 7450.0 0.5 0.034609375 0.0325 2573.0 2573.0 3205.0 3205.0 204.0 204.0 16.97261118888855
28 14.942281250000008 7268.0 0.5 0.033984375000000004 0.032265625 2107.0 2107.0 2780.0 2780.0 180.0 180.0 17.595436811447144
29 14.943481250000005 7240.0 0.5 0.034375 0.033046875 1838.0 1838.0 2455.0 2455.0 195.0 195.0 18.2157723903656
30 14.944590625000004 7306.0 0.5 0.034296875 0.03390625 1705.0 1705.0 2269.0 2269.0 239.0 239.0 18.82438588142395
31 14.945803125000005 7379.0 0.5 0.034140625 0.03375 1436.0 1436.0 2108.0 2108.0 208.0 208.0 19.453223705291748
32 14.946987500000006 7355.0 0.5 0.030625 0.035 1240.0 1240.0 1844.0 1844.0 210.0 210.0 20.06970477104187
33 14.9480875 7384.0 0.5 0.032578125 0.031640625 1149.0 1149.0 1817.0 1817.0 192.0 192.0 20.653216123580933
34 14.948890625000004 7364.0 0.5 0.03359375 0.03375 1053.0 1053.0 1769.0 1769.0 208.0 208.0 21.23342275619507
