#S 13595 ascan omega 14.7787 14.8187 40 0.5
#U p23user
#D Sun Jun 13 12:57:35 2021
#C Acquisition started at Sun Jun 13 12:57:35 2021
#O0 atten  attenpos  avg_beamcurrent  dcm_exitoffset  dcmbragg  diffractometer_h  diffractometer_k  diffractometer_l
#O1 gx  gy  gz  lmbd_compressionrate  lmbd_delaytime  lmbd_depth  lmbd_distortioncorrection  lmbd_energythreshold
#O2 lmbd_filestartnum  lmbd_framenumbers  lmbd_framesperfile  lmbd_height  lmbd_latestimagenumber  lmbd_shuttertime  lmbd_shuttertimemax  lmbd_shuttertimemin
#O3 lmbd_threadno  lmbd_totallossframes  lmbd_triggermode  lmbd_width  mnchrmtr  mono1roll  mono2par  mono2perp
#O4 mono2pitch  mono2roll  mono_height  monotrans  monoyaw  monoz1  monoz2  monoz3
#O5 ohsl1b  ohsl1h  ohsl1hgap  ohsl1l  ohsl1r  ohsl1t  ohsl1v  ohsl1vgap
#O6 ohsl2b  ohsl2h  ohsl2hgap  ohsl2l  ohsl2r  ohsl2t  ohsl2v  ohsl2vgap
#O7 phi  ps1v  ps1vg  ps2l  ps2r  ps2v  ps2vg  sl3b
#O8 sl3h  sl3hgap  sl3l  sl3r  sl3t  sl3v  sl3vgap  sl4b
#O9 sl4h  sl4hgap  sl4l  sl4r  sl4t  sl4v  sl4vgap  source_energy
#O10 und_en  undulator_gap  undulator_harmonic  undulator_phase  undulator_taper
#P0 1.0 0.0 94.21002197265625 20.7 23.396069513682317 1.0000021157419952 4.924549196478839e-08 9.011853795951279e-05
#P1 -0.8900000000000006 -3.0 -0.71798828125 2 0.0 24 1 2300.0
#P2 0 1 1 516 -1 1000.0 2147483647.0 0.0
#P3 0 0 0 1556 4978.999729606406 0.0 26.064999999999998 11.213499999999998
#P4 0.06485081585081587 0.0295 3.906075 -21.0 -0.01 3.906075 3.9 3.9
#P5 19.95 0.60665 2.0 1.6066500000000001 -0.3933500000000001 22.95 21.45 3.0
#P6 19.45 -10.084000000000001 3.9999999999999964 -8.084000000000003 -12.084 23.450000000000003 21.450000000000003 4.0000000000000036
#P7 -0.160000000000025 0.38572000000000006 1.0 1.7031499999999995 0.4837600000000002 0.38651499999999994 0.8000000000000007 -0.09999999999999787
#P8 3.552713678800501e-15 0.20000000000000995 0.10000000000000853 -0.10000000000000142 0.09999999999999432 -1.7763568394002505e-15 0.19999999999999218 -2.043199999999999
#P9 -0.5645000000000024 4.0 1.4354999999999976 -2.5645000000000024 1.9567999999999977 -0.04320000000000057 3.9999999999999964 6.083441734313965
#P10 4928.98388671875 14.866999626159668 1 0.0 0.0
#N 13
#L Pt_No  omega  eh_c01  eh_t01  sl_mon_b_vol  sl_mon_t_vol  lmbd_countsroi1  lmbd_countsroi1_atten  lmbd_countsroi2  lmbd_countsroi2_atten  lmbd_countsroi3  lmbd_countsroi3_atten  dt
0 14.779078125000005 8246.0 0.5 0.033359375000000004 0.033828125 73.0 73.0 627.0 627.0 239.0 239.0 0.5457956790924072
1 14.780156250000005 8326.0 0.5 0.03296875 0.035 69.0 69.0 449.0 449.0 239.0 239.0 1.1373000144958496
2 14.781159375000009 8259.0 0.5 0.0328125 0.036328125 108.0 108.0 453.0 453.0 253.0 253.0 1.694195032119751
3 14.782362500000005 8405.0 0.5 0.03359375 0.033515625 116.0 116.0 533.0 533.0 237.0 237.0 2.3256094455718994
4 14.783481250000001 8186.0 0.5 0.03125 0.03484375 116.0 116.0 567.0 567.0 303.0 303.0 2.9229249954223633
5 14.784615625000008 8275.0 0.5 0.035312500000000004 0.035703125 163.0 163.0 608.0 608.0 245.0 245.0 3.4855198860168457
6 14.785650000000004 8201.0 0.5 0.034453125 0.033984375000000004 225.0 225.0 730.0 730.0 210.0 210.0 4.0732996463775635
7 14.786850000000008 8305.0 0.5 0.035078125 0.034765625 293.0 293.0 738.0 738.0 218.0 218.0 4.660378932952881
8 14.788053125000005 8125.0 0.5 0.034375 0.0328125 383.0 383.0 852.0 852.0 258.0 258.0 5.260885953903198
9 14.789259375000007 8288.0 0.5 0.035625000000000004 0.035390625 516.0 516.0 1058.0 1058.0 249.0 249.0 5.933001518249512
10 14.790446875 8075.0 0.5 0.03328125 0.03484375 712.0 712.0 1263.0 1263.0 233.0 233.0 6.505293130874634
11 14.791531250000006 8451.0 0.5 0.032578125 0.03484375 1305.0 1305.0 2131.0 2131.0 229.0 229.0 7.1140687465667725
12 14.792625000000001 8297.0 0.5 0.0334375 0.035390625 1919.0 1919.0 2805.0 2805.0 244.0 244.0 7.7084643840789795
13 14.793918750000003 8306.0 0.5 0.032265625 0.03484375 2452.0 2452.0 3096.0 3096.0 210.0 210.0 8.361198425292969
14 14.795018750000011 8190.0 0.5 0.034453125 0.034296875 3680.0 3680.0 4261.0 4261.0 246.0 246.0 8.954535722732544
15 14.796231250000005 8247.0 0.5 0.034453125 0.033125 6066.0 6066.0 6604.0 6604.0 233.0 233.0 9.542053937911987
16 14.797250000000005 8518.0 0.5 0.035 0.0346875 7744.0 7744.0 8185.0 8185.0 237.0 237.0 10.132683515548706
17 14.79839375000001 8366.0 0.5 0.03359375 0.03375 7283.0 7283.0 7739.0 7739.0 286.0 286.0 10.685050964355469
18 14.799525000000003 8417.0 0.5 0.034375 0.035078125 4904.0 4904.0 5278.0 5278.0 206.0 206.0 11.283121824264526
19 14.800746875000009 8324.0 0.5 0.035625000000000004 0.033515625 2974.0 2974.0 3298.0 3298.0 256.0 256.0 11.899757385253906
20 14.801850000000002 8324.0 0.5 0.03390625 0.03484375 1751.0 1751.0 2089.0 2089.0 246.0 246.0 12.510637044906616
21 14.803140625000005 8289.0 0.5 0.035312500000000004 0.033984375000000004 1244.0 1244.0 1500.0 1500.0 254.0 254.0 13.153124809265137
22 14.80414062500001 8337.0 0.5 0.035859375 0.035234375 847.0 847.0 1179.0 1179.0 259.0 259.0 13.751461744308472
23 14.805337500000007 8304.0 0.5 0.03359375 0.03328125 681.0 681.0 978.0 978.0 249.0 249.0 14.306962490081787
24 14.806471875000007 8346.0 0.5 0.033125 0.03359375 514.0 514.0 787.0 787.0 282.0 282.0 14.92082691192627
25 14.807668750000005 8416.0 0.5 0.033515625 0.033671875000000004 407.0 407.0 667.0 667.0 238.0 238.0 15.550168514251709
26 14.808890625000004 8201.0 0.5 0.034296875 0.035 343.0 343.0 593.0 593.0 232.0 232.0 16.180291175842285
27 14.809990625000005 8374.0 0.5 0.0340625 0.03328125 260.0 260.0 522.0 522.0 243.0 243.0 16.75758409500122
28 14.811187500000003 8351.0 0.5 0.033984375000000004 0.034140625 232.0 232.0 477.0 477.0 240.0 240.0 17.352813959121704
29 14.812293750000002 8251.0 0.5 0.033515625 0.03421875 203.0 203.0 440.0 440.0 271.0 271.0 17.965387105941772
30 14.813331250000005 8373.0 0.5 0.03421875 0.03421875 160.0 160.0 448.0 448.0 233.0 233.0 18.52416491508484
31 14.814640625000003 8399.0 0.5 0.03453125 0.035234375 139.0 139.0 405.0 405.0 232.0 232.0 19.161513566970825
32 14.815621875000005 8188.0 0.5 0.034609375 0.03453125 184.0 184.0 446.0 446.0 230.0 230.0 19.712603092193604
33 14.816840625000005 8424.0 0.5 0.034375 0.03421875 116.0 116.0 443.0 443.0 265.0 265.0 20.323301076889038
34 14.817862500000004 8328.0 0.5 0.033671875000000004 0.03203125 94.0 94.0 361.0 361.0 243.0 243.0 20.895422220230103
35 14.818687500000003 8276.0 0.5 0.034609375 0.034453125 94.0 94.0 349.0 349.0 251.0 251.0 21.448280096054077
