#S 13533 ascan omega 14.7749 14.8149 40 0.5
#U p23user
#D Sun Jun 13 12:11:06 2021
#C Acquisition started at Sun Jun 13 12:11:06 2021
#O0 atten  attenpos  avg_beamcurrent  dcm_exitoffset  dcmbragg  diffractometer_h  diffractometer_k  diffractometer_l
#O1 gx  gy  gz  lmbd_compressionrate  lmbd_delaytime  lmbd_depth  lmbd_distortioncorrection  lmbd_energythreshold
#O2 lmbd_filestartnum  lmbd_framenumbers  lmbd_framesperfile  lmbd_height  lmbd_latestimagenumber  lmbd_shuttertime  lmbd_shuttertimemax  lmbd_shuttertimemin
#O3 lmbd_threadno  lmbd_totallossframes  lmbd_triggermode  lmbd_width  mnchrmtr  mono1roll  mono2par  mono2perp
#O4 mono2pitch  mono2roll  mono_height  monotrans  monoyaw  monoz1  monoz2  monoz3
#O5 ohsl1b  ohsl1h  ohsl1hgap  ohsl1l  ohsl1r  ohsl1t  ohsl1v  ohsl1vgap
#O6 ohsl2b  ohsl2h  ohsl2hgap  ohsl2l  ohsl2r  ohsl2t  ohsl2v  ohsl2vgap
#O7 phi  ps1v  ps1vg  ps2l  ps2r  ps2v  ps2vg  sl3b
#O8 sl3h  sl3hgap  sl3l  sl3r  sl3t  sl3v  sl3vgap  sl4b
#O9 sl4h  sl4hgap  sl4l  sl4r  sl4t  sl4v  sl4vgap  source_energy
#O10 und_en  undulator_gap  undulator_harmonic  undulator_phase  undulator_taper
#P0 1.0 0.0 94.49819946289062 20.7 23.39606254674253 0.999999761995209 5.185530158496755e-06 0.00019461745426537413
#P1 -0.8900000000000006 -3.0 -0.71798828125 2 0.0 24 1 2300.0
#P2 0 1 1 516 -1 500.0 2147483647.0 0.0
#P3 0 0 0 1556 4979.000683034391 0.0 26.064999999999998 11.213499999999998
#P4 0.06485081585081587 0.0295 3.906075 -21.0 -0.01 3.906075 3.9 3.9
#P5 19.95 0.60665 2.0 1.6066500000000001 -0.3933500000000001 22.95 21.45 3.0
#P6 19.45 -10.084000000000001 3.9999999999999964 -8.084000000000003 -12.084 23.450000000000003 21.450000000000003 4.0000000000000036
#P7 0.0 0.38572000000000006 1.0 1.7031499999999995 0.4837600000000002 0.38651499999999994 0.8000000000000007 -0.09999999999999787
#P8 3.552713678800501e-15 0.20000000000000995 0.10000000000000853 -0.10000000000000142 0.09999999999999432 -1.7763568394002505e-15 0.19999999999999218 -2.043199999999999
#P9 -0.5645000000000024 4.0 1.4354999999999976 -2.5645000000000024 1.9567999999999977 -0.04320000000000057 3.9999999999999964 6.083441734313965
#P10 4928.421875 14.866000175476074 1 0.0 0.0
#N 13
#L Pt_No  omega  eh_c01  eh_t01  sl_mon_b_vol  sl_mon_t_vol  lmbd_countsroi1  lmbd_countsroi1_atten  lmbd_countsroi2  lmbd_countsroi2_atten  lmbd_countsroi3  lmbd_countsroi3_atten  dt
0 14.775275000000008 8756.0 0.5 0.038671875 0.039140625 1543.0 1543.0 2728.0 2728.0 245.0 245.0 0.5505897998809814
1 14.776381250000007 8837.0 0.5 0.039296875 0.039531250000000004 1670.0 1670.0 2728.0 2728.0 258.0 258.0 1.1754045486450195
2 14.777575000000006 8736.0 0.5 0.040546875 0.0390625 1920.0 1920.0 2959.0 2959.0 276.0 276.0 1.832340955734253
3 14.778953125000001 8676.0 0.5 0.038359375 0.04046875 2344.0 2344.0 3456.0 3456.0 251.0 251.0 2.487050771713257
4 14.780150000000006 8705.0 0.5 0.03859375 0.038203125 2679.0 2679.0 3805.0 3805.0 273.0 273.0 3.113898277282715
5 14.781281250000006 8676.0 0.5 0.038046875 0.040546875 3446.0 3446.0 4645.0 4645.0 224.0 224.0 3.7179343700408936
6 14.782387500000006 8772.0 0.5 0.038671875 0.04078125 4113.0 4113.0 5325.0 5325.0 249.0 249.0 4.274719953536987
7 14.783390625000003 8762.0 0.5 0.038046875 0.040859375 5009.0 5009.0 6184.0 6184.0 216.0 216.0 4.846249580383301
8 14.784603125000004 8786.0 0.5 0.0378125 0.039531250000000004 6451.0 6451.0 7612.0 7612.0 257.0 257.0 5.4339377880096436
9 14.785593750000004 8724.0 0.5 0.038828125 0.039921875 8298.0 8298.0 9444.0 9444.0 246.0 246.0 6.013462543487549
10 14.786781250000004 8713.0 0.5 0.039453125 0.039296875 11805.0 11805.0 12941.0 12941.0 262.0 262.0 6.637726306915283
11 14.787968750000005 8618.0 0.5 0.039140625 0.039843750000000004 17938.0 17938.0 19019.0 19019.0 229.0 229.0 7.2241034507751465
12 14.789162500000003 8622.0 0.5 0.039140625 0.04 28406.0 28406.0 29387.0 29387.0 243.0 243.0 7.818474054336548
13 14.790278125000007 8635.0 0.5 0.04015625 0.04 57941.0 57941.0 59068.0 59068.0 254.0 254.0 8.437329769134521
14 14.791375000000002 8692.0 0.5 0.037109375 0.039218750000000004 212008.0 212008.0 213335.0 213335.0 270.0 270.0 9.041530132293701
15 14.792800000000007 8651.0 0.5 0.038046875 0.039765625 241361.0 241361.0 242863.0 242863.0 247.0 247.0 9.738392114639282
16 14.793800000000005 8623.0 0.5 0.037578125000000004 0.03890625 117700.0 117700.0 118841.0 118841.0 231.0 231.0 10.310327768325806
17 14.795015625000005 8562.0 0.5 0.0409375 0.038828125 44790.0 44790.0 45847.0 45847.0 256.0 256.0 10.877304315567017
18 14.79621562500001 8731.0 0.5 0.041640625 0.039453125 26845.0 26845.0 27795.0 27795.0 231.0 231.0 11.502581357955933
19 14.797415625000006 8600.0 0.5 0.03890625 0.039296875 20757.0 20757.0 21759.0 21759.0 257.0 257.0 12.129741668701172
20 14.798509375000002 8720.0 0.5 0.04046875 0.038984375 15686.0 15686.0 16752.0 16752.0 242.0 242.0 12.738242387771606
21 14.799825000000006 8754.0 0.5 0.0378125 0.03703125 10821.0 10821.0 11839.0 11839.0 253.0 253.0 13.413725137710571
22 14.801031250000008 8711.0 0.5 0.03703125 0.039843750000000004 7168.0 7168.0 8056.0 8056.0 234.0 234.0 14.100247144699097
23 14.802234375000005 8638.0 0.5 0.03859375 0.038515625 5510.0 5510.0 6318.0 6318.0 258.0 258.0 14.664945125579834
24 14.803265625000002 8613.0 0.5 0.03796875 0.040078125 4390.0 4390.0 5194.0 5194.0 242.0 242.0 15.22567105293274
25 14.804471875000004 8809.0 0.5 0.04171875 0.037578125000000004 3501.0 3501.0 4203.0 4203.0 273.0 273.0 15.84123420715332
26 14.805646875000008 8748.0 0.5 0.040234375 0.038515625 2900.0 2900.0 3614.0 3614.0 249.0 249.0 16.440252780914307
27 14.806737500000004 8618.0 0.5 0.037890625000000004 0.039453125 2478.0 2478.0 3189.0 3189.0 231.0 231.0 17.033169269561768
28 14.807746875000007 8700.0 0.5 0.03890625 0.039531250000000004 2086.0 2086.0 2799.0 2799.0 256.0 256.0 17.56940507888794
29 14.809040625000002 8674.0 0.5 0.039843750000000004 0.03796875 1808.0 1808.0 2474.0 2474.0 228.0 228.0 18.24716091156006
30 14.810431250000008 8524.0 0.5 0.039921875 0.03859375 1462.0 1462.0 2141.0 2141.0 246.0 246.0 18.980103492736816
31 14.811628125000006 8747.0 0.5 0.03875 0.040625 1231.0 1231.0 1905.0 1905.0 247.0 247.0 19.571781873703003
32 14.812825000000004 8707.0 0.5 0.037734375 0.039609375 1218.0 1218.0 2032.0 2032.0 252.0 252.0 20.183579921722412
33 14.814006250000006 8679.0 0.5 0.03734375 0.039453125 1065.0 1065.0 1794.0 1794.0 277.0 277.0 20.80498194694519
34 14.814843750000009 8774.0 0.5 0.03875 0.03671875 1030.0 1030.0 1788.0 1788.0 244.0 244.0 21.421351432800293
