#S 13591 ascan omega 14.7910 14.8310 40 0.5
#U p23user
#D Sun Jun 13 12:54:59 2021
#C Acquisition started at Sun Jun 13 12:54:59 2021
#O0 atten  attenpos  avg_beamcurrent  dcm_exitoffset  dcmbragg  diffractometer_h  diffractometer_k  diffractometer_l
#O1 gx  gy  gz  lmbd_compressionrate  lmbd_delaytime  lmbd_depth  lmbd_distortioncorrection  lmbd_energythreshold
#O2 lmbd_filestartnum  lmbd_framenumbers  lmbd_framesperfile  lmbd_height  lmbd_latestimagenumber  lmbd_shuttertime  lmbd_shuttertimemax  lmbd_shuttertimemin
#O3 lmbd_threadno  lmbd_totallossframes  lmbd_triggermode  lmbd_width  mnchrmtr  mono1roll  mono2par  mono2perp
#O4 mono2pitch  mono2roll  mono_height  monotrans  monoyaw  monoz1  monoz2  monoz3
#O5 ohsl1b  ohsl1h  ohsl1hgap  ohsl1l  ohsl1r  ohsl1t  ohsl1v  ohsl1vgap
#O6 ohsl2b  ohsl2h  ohsl2hgap  ohsl2l  ohsl2r  ohsl2t  ohsl2v  ohsl2vgap
#O7 phi  ps1v  ps1vg  ps2l  ps2r  ps2v  ps2vg  sl3b
#O8 sl3h  sl3hgap  sl3l  sl3r  sl3t  sl3v  sl3vgap  sl4b
#O9 sl4h  sl4hgap  sl4l  sl4r  sl4t  sl4v  sl4vgap  source_energy
#O10 und_en  undulator_gap  undulator_harmonic  undulator_phase  undulator_taper
#P0 1.0 0.0 94.48792266845703 20.7 23.41598474329284 1.0000014030389515 4.433990237963323e-08 8.994579097933392e-05
#P1 -0.8900000000000006 -3.0 -0.71798828125 2 0.0 24 1 2300.0
#P2 0 1 1 516 -1 1000.0 2147483647.0 0.0
#P3 0 0 0 1556 4974.999502707835 0.0 26.043999999999997 11.215249999999997
#P4 0.06485081585081587 0.0295 3.906075 -21.0 -0.01 3.906075 3.9 3.9
#P5 19.95 0.60665 2.0 1.6066500000000001 -0.3933500000000001 22.95 21.45 3.0
#P6 19.45 -10.084000000000001 3.9999999999999964 -8.084000000000003 -12.084 23.450000000000003 21.450000000000003 4.0000000000000036
#P7 -0.160000000000025 0.38572000000000006 1.0 1.7031499999999995 0.4837600000000002 0.38651499999999994 0.8000000000000007 -0.09999999999999787
#P8 3.552713678800501e-15 0.20000000000000995 0.10000000000000853 -0.10000000000000142 0.09999999999999432 -1.7763568394002505e-15 0.19999999999999218 -2.043199999999999
#P9 -0.5645000000000024 4.0 1.4354999999999976 -2.5645000000000024 1.9567999999999977 -0.04320000000000057 3.9999999999999964 6.083441734313965
#P10 4925.04296875 14.859999656677246 1 0.0 0.0
#N 13
#L Pt_No  omega  eh_c01  eh_t01  sl_mon_b_vol  sl_mon_t_vol  lmbd_countsroi1  lmbd_countsroi1_atten  lmbd_countsroi2  lmbd_countsroi2_atten  lmbd_countsroi3  lmbd_countsroi3_atten  dt
0 14.791434375000009 8323.0 0.5 0.035625000000000004 0.03421875 38.0 38.0 543.0 543.0 265.0 265.0 0.5393853187561035
1 14.792378125000006 8269.0 0.5 0.03390625 0.0340625 46.0 46.0 305.0 305.0 259.0 259.0 1.1073362827301025
2 14.793500000000009 8180.0 0.5 0.034296875 0.03328125 45.0 45.0 315.0 315.0 254.0 254.0 1.660973072052002
3 14.794596875000003 8251.0 0.5 0.033671875000000004 0.034296875 64.0 64.0 395.0 395.0 234.0 234.0 2.219907760620117
4 14.795603125000007 8152.0 0.5 0.034296875 0.035390625 70.0 70.0 366.0 366.0 240.0 240.0 2.7967822551727295
5 14.796796875000005 8150.0 0.5 0.03328125 0.032890625 87.0 87.0 405.0 405.0 246.0 246.0 3.3553571701049805
6 14.798012500000006 8417.0 0.5 0.03375 0.036171875 95.0 95.0 461.0 461.0 252.0 252.0 3.984902858734131
7 14.799118750000005 8163.0 0.5 0.0340625 0.033515625 154.0 154.0 500.0 500.0 217.0 217.0 4.6023454666137695
8 14.800203125000003 8197.0 0.5 0.035312500000000004 0.034609375 161.0 161.0 540.0 540.0 215.0 215.0 5.1566972732543945
9 14.801390625000003 8101.0 0.5 0.033828125 0.03296875 236.0 236.0 646.0 646.0 250.0 250.0 5.816394329071045
10 14.802578125000004 8273.0 0.5 0.036953125 0.03359375 325.0 325.0 712.0 712.0 253.0 253.0 6.43844199180603
11 14.80378125 8164.0 0.5 0.034921875 0.034140625 585.0 585.0 1025.0 1025.0 233.0 233.0 7.040419578552246
12 14.804981250000004 8261.0 0.5 0.033046875 0.0340625 904.0 904.0 1372.0 1372.0 229.0 229.0 7.67926025390625
13 14.806096875000009 8254.0 0.5 0.03421875 0.033125 1099.0 1099.0 1513.0 1513.0 228.0 228.0 8.256739377975464
14 14.807312500000002 8403.0 0.5 0.033984375000000004 0.034453125 1824.0 1824.0 2286.0 2286.0 224.0 224.0 8.88847804069519
15 14.808418750000001 8232.0 0.5 0.03453125 0.033125 3006.0 3006.0 3384.0 3384.0 230.0 230.0 9.497584581375122
16 14.809640625000007 8215.0 0.5 0.034609375 0.03296875 4174.0 4174.0 4553.0 4553.0 234.0 234.0 10.142727851867676
17 14.810953125000005 8108.0 0.5 0.034765625 0.035625000000000004 3752.0 3752.0 4136.0 4136.0 187.0 187.0 10.786447525024414
18 14.81217500000001 8152.0 0.5 0.034453125 0.033046875 2261.0 2261.0 2574.0 2574.0 253.0 253.0 11.432539939880371
19 14.813253125000003 8137.0 0.5 0.034140625 0.033046875 1387.0 1387.0 1765.0 1765.0 219.0 219.0 11.992249011993408
20 14.814346875000005 8106.0 0.5 0.033203125 0.031953125 902.0 902.0 1179.0 1179.0 232.0 232.0 12.561549663543701
21 14.81545937500001 8242.0 0.5 0.03671875 0.035234375 613.0 613.0 854.0 854.0 258.0 258.0 13.159691095352173
22 14.816793750000002 7980.0 0.5 0.03421875 0.033515625 456.0 456.0 716.0 716.0 209.0 209.0 13.841182470321655
23 14.81799375 8283.0 0.5 0.03546875 0.034140625 351.0 351.0 571.0 571.0 226.0 226.0 14.46878981590271
24 14.819271875000005 8279.0 0.5 0.033984375000000004 0.033359375000000004 260.0 260.0 539.0 539.0 220.0 220.0 15.099257707595825
25 14.820375000000006 8304.0 0.5 0.034609375 0.0334375 190.0 190.0 418.0 418.0 230.0 230.0 15.706925868988037
26 14.821596875000004 8369.0 0.5 0.035234375 0.033671875000000004 170.0 170.0 348.0 348.0 241.0 241.0 16.356396436691284
27 14.822709375000002 8071.0 0.5 0.036796875 0.033359375000000004 163.0 163.0 378.0 378.0 236.0 236.0 16.923651933670044
28 14.82385 8153.0 0.5 0.032890625 0.034140625 108.0 108.0 334.0 334.0 243.0 243.0 17.521026849746704
29 14.82496875000001 7997.0 0.5 0.03296875 0.033671875000000004 107.0 107.0 349.0 349.0 228.0 228.0 18.095239877700806
30 14.825971875000008 8121.0 0.5 0.035312500000000004 0.0325 109.0 109.0 341.0 341.0 223.0 223.0 18.65667724609375
31 14.827150000000003 8084.0 0.5 0.036640625 0.033203125 83.0 83.0 322.0 322.0 223.0 223.0 19.25728440284729
32 14.828262500000001 8259.0 0.5 0.033203125 0.03328125 92.0 92.0 328.0 328.0 208.0 208.0 19.829680681228638
33 14.829375000000006 8161.0 0.5 0.033125 0.033046875 65.0 65.0 280.0 280.0 213.0 213.0 20.442466735839844
34 14.830534375000006 8233.0 0.5 0.034296875 0.034609375 47.0 47.0 302.0 302.0 241.0 241.0 21.080745458602905
