#S 13531 ascan omega 14.7749 14.8149 40 0.5
#U p23user
#D Sun Jun 13 12:08:44 2021
#C Acquisition started at Sun Jun 13 12:08:44 2021
#O0 atten  attenpos  avg_beamcurrent  dcm_exitoffset  dcmbragg  diffractometer_h  diffractometer_k  diffractometer_l
#O1 gx  gy  gz  lmbd_compressionrate  lmbd_delaytime  lmbd_depth  lmbd_distortioncorrection  lmbd_energythreshold
#O2 lmbd_filestartnum  lmbd_framenumbers  lmbd_framesperfile  lmbd_height  lmbd_latestimagenumber  lmbd_shuttertime  lmbd_shuttertimemax  lmbd_shuttertimemin
#O3 lmbd_threadno  lmbd_totallossframes  lmbd_triggermode  lmbd_width  mnchrmtr  mono1roll  mono2par  mono2perp
#O4 mono2pitch  mono2roll  mono_height  monotrans  monoyaw  monoz1  monoz2  monoz3
#O5 ohsl1b  ohsl1h  ohsl1hgap  ohsl1l  ohsl1r  ohsl1t  ohsl1v  ohsl1vgap
#O6 ohsl2b  ohsl2h  ohsl2hgap  ohsl2l  ohsl2r  ohsl2t  ohsl2v  ohsl2vgap
#O7 phi  ps1v  ps1vg  ps2l  ps2r  ps2v  ps2vg  sl3b
#O8 sl3h  sl3hgap  sl3l  sl3r  sl3t  sl3v  sl3vgap  sl4b
#O9 sl4h  sl4hgap  sl4l  sl4r  sl4t  sl4v  sl4vgap  source_energy
#O10 und_en  undulator_gap  undulator_harmonic  undulator_phase  undulator_taper
#P0 1.0 0.0 94.39632415771484 20.7 23.396061510633537 0.9999999534849916 5.1855291655228255e-06 0.00019461734246338934
#P1 -0.8900000000000006 -3.0 -0.71798828125 2 0.0 24 1 2300.0
#P2 0 1 1 516 -1 500.0 2147483647.0 0.0
#P3 0 0 0 1556 4978.999729606406 0.0 26.064999999999998 11.213499999999998
#P4 0.06485081585081587 0.0295 3.906075 -21.0 -0.01 3.906075 3.9 3.9
#P5 19.95 0.60665 2.0 1.6066500000000001 -0.3933500000000001 22.95 21.45 3.0
#P6 19.45 -10.084000000000001 3.9999999999999964 -8.084000000000003 -12.084 23.450000000000003 21.450000000000003 4.0000000000000036
#P7 0.0 0.38572000000000006 1.0 1.7031499999999995 0.4837600000000002 0.38651499999999994 0.8000000000000007 -0.09999999999999787
#P8 3.552713678800501e-15 0.20000000000000995 0.10000000000000853 -0.10000000000000142 0.09999999999999432 -1.7763568394002505e-15 0.19999999999999218 -2.043199999999999
#P9 -0.5645000000000024 4.0 1.4354999999999976 -2.5645000000000024 1.9567999999999977 -0.04320000000000057 3.9999999999999964 6.083441734313965
#P10 4928.421875 14.866000175476074 1 0.0 0.0
#N 13
#L Pt_No  omega  eh_c01  eh_t01  sl_mon_b_vol  sl_mon_t_vol  lmbd_countsroi1  lmbd_countsroi1_atten  lmbd_countsroi2  lmbd_countsroi2_atten  lmbd_countsroi3  lmbd_countsroi3_atten  dt
0 14.775287500000012 7930.0 0.5 0.034453125 0.032109375 56.0 56.0 556.0 556.0 240.0 240.0 0.5497124195098877
1 14.776418750000005 7983.0 0.5 0.031328125 0.03328125 41.0 41.0 362.0 362.0 249.0 249.0 1.1743953227996826
2 14.777615625000003 8060.0 0.5 0.032890625 0.030546875 51.0 51.0 332.0 332.0 238.0 238.0 1.8500049114227295
3 14.778796875000005 7814.0 0.5 0.03265625 0.031718750000000004 60.0 60.0 391.0 391.0 241.0 241.0 2.4561362266540527
4 14.779990625000003 7900.0 0.5 0.03265625 0.032890625 71.0 71.0 414.0 414.0 246.0 246.0 3.0468661785125732
5 14.781078125 8052.0 0.5 0.032109375 0.031796875 65.0 65.0 417.0 417.0 248.0 248.0 3.6077277660369873
6 14.782162500000005 8063.0 0.5 0.033828125 0.031875 74.0 74.0 485.0 485.0 214.0 214.0 4.154527187347412
7 14.783146875000007 8008.0 0.5 0.033828125 0.032109375 89.0 89.0 548.0 548.0 259.0 259.0 4.727879524230957
8 14.784321875000003 8008.0 0.5 0.033203125 0.030625 94.0 94.0 495.0 495.0 225.0 225.0 5.2727038860321045
9 14.785521875000008 7821.0 0.5 0.0328125 0.0325 142.0 142.0 623.0 623.0 231.0 231.0 5.927870988845825
10 14.786731250000003 7983.0 0.5 0.03421875 0.03125 173.0 173.0 631.0 631.0 233.0 233.0 6.559605121612549
11 14.78795000000001 7927.0 0.5 0.031875 0.03421875 254.0 254.0 800.0 800.0 223.0 223.0 7.190891742706299
12 14.789171875000001 7935.0 0.5 0.033125 0.030234375 314.0 314.0 873.0 873.0 204.0 204.0 7.873351097106934
13 14.790375000000004 7913.0 0.5 0.031875 0.032890625 433.0 433.0 1049.0 1049.0 233.0 233.0 8.497025489807129
14 14.791568750000003 8052.0 0.5 0.03234375 0.02921875 632.0 632.0 1335.0 1335.0 227.0 227.0 9.09825611114502
15 14.792687500000007 7901.0 0.5 0.035546875 0.031718750000000004 1090.0 1090.0 1921.0 1921.0 195.0 195.0 9.68566346168518
16 14.793818750000007 7989.0 0.5 0.035078125 0.030625 1544.0 1544.0 2502.0 2502.0 216.0 216.0 10.246701717376709
17 14.795040625000006 8034.0 0.5 0.03328125 0.031640625 2107.0 2107.0 3041.0 3041.0 242.0 242.0 10.88620901107788
18 14.796046875000002 7994.0 0.5 0.0340625 0.033125 3256.0 3256.0 4410.0 4410.0 235.0 235.0 11.433258771896362
19 14.797256250000004 7894.0 0.5 0.032578125 0.0315625 5514.0 5514.0 6569.0 6569.0 220.0 220.0 12.07178807258606
20 14.798415625000004 7942.0 0.5 0.0325 0.031640625 7381.0 7381.0 8187.0 8187.0 205.0 205.0 12.657001733779907
21 14.79943750000001 7960.0 0.5 0.032734375 0.03203125 6791.0 6791.0 7259.0 7259.0 248.0 248.0 13.213027238845825
22 14.800637500000008 8048.0 0.5 0.03328125 0.030078125 4451.0 4451.0 4864.0 4864.0 245.0 245.0 13.842595338821411
23 14.801921875000005 7698.0 0.5 0.033203125 0.03078125 2703.0 2703.0 3105.0 3105.0 218.0 218.0 14.470422983169556
24 14.803112500000005 7829.0 0.5 0.031875 0.032578125 1700.0 1700.0 2004.0 2004.0 231.0 231.0 15.102669477462769
25 14.804290625000007 7956.0 0.5 0.034453125 0.0328125 1105.0 1105.0 1424.0 1424.0 236.0 236.0 15.719582319259644
26 14.805306250000001 7824.0 0.5 0.032734375 0.03125 834.0 834.0 1155.0 1155.0 247.0 247.0 16.306384801864624
27 14.806521875000008 7967.0 0.5 0.034921875 0.031406250000000004 598.0 598.0 892.0 892.0 213.0 213.0 16.942410469055176
28 14.807709375000009 7917.0 0.5 0.032890625 0.032265625 473.0 473.0 738.0 738.0 204.0 204.0 17.514646291732788
29 14.808937500000006 7856.0 0.5 0.032734375 0.031718750000000004 358.0 358.0 655.0 655.0 225.0 225.0 18.156608819961548
30 14.810056250000002 7992.0 0.5 0.035 0.031640625 274.0 274.0 581.0 581.0 261.0 261.0 18.7614266872406
31 14.811153125000004 7965.0 0.5 0.03296875 0.031640625 284.0 284.0 542.0 542.0 216.0 216.0 19.360985279083252
32 14.81234687500001 8010.0 0.5 0.03375 0.032421875 200.0 200.0 455.0 455.0 261.0 261.0 19.978463888168335
33 14.813465625000006 7855.0 0.5 0.031718750000000004 0.03203125 210.0 210.0 451.0 451.0 252.0 252.0 20.548272371292114
34 14.814537500000007 7715.0 0.5 0.032734375 0.033125 183.0 183.0 521.0 521.0 220.0 220.0 21.151890754699707
