#S 13579 ascan omega 14.8282 14.8682 40 0.5
#U p23user
#D Sun Jun 13 12:47:14 2021
#C Acquisition started at Sun Jun 13 12:47:14 2021
#O0 atten  attenpos  avg_beamcurrent  dcm_exitoffset  dcmbragg  diffractometer_h  diffractometer_k  diffractometer_l
#O1 gx  gy  gz  lmbd_compressionrate  lmbd_delaytime  lmbd_depth  lmbd_distortioncorrection  lmbd_energythreshold
#O2 lmbd_filestartnum  lmbd_framenumbers  lmbd_framesperfile  lmbd_height  lmbd_latestimagenumber  lmbd_shuttertime  lmbd_shuttertimemax  lmbd_shuttertimemin
#O3 lmbd_threadno  lmbd_totallossframes  lmbd_triggermode  lmbd_width  mnchrmtr  mono1roll  mono2par  mono2perp
#O4 mono2pitch  mono2roll  mono_height  monotrans  monoyaw  monoz1  monoz2  monoz3
#O5 ohsl1b  ohsl1h  ohsl1hgap  ohsl1l  ohsl1r  ohsl1t  ohsl1v  ohsl1vgap
#O6 ohsl2b  ohsl2h  ohsl2hgap  ohsl2l  ohsl2r  ohsl2t  ohsl2v  ohsl2vgap
#O7 phi  ps1v  ps1vg  ps2l  ps2r  ps2v  ps2vg  sl3b
#O8 sl3h  sl3hgap  sl3l  sl3r  sl3t  sl3v  sl3vgap  sl4b
#O9 sl4h  sl4hgap  sl4l  sl4r  sl4t  sl4v  sl4vgap  source_energy
#O10 und_en  undulator_gap  undulator_harmonic  undulator_phase  undulator_taper
#P0 1.0 0.0 94.1283950805664 20.7 23.47599567602683 1.0000016510018641 4.433994316135533e-08 8.994583903482386e-05
#P1 -0.8900000000000006 -3.0 -0.71798828125 2 0.0 24 1 2300.0
#P2 0 1 1 516 -1 1000.0 2147483647.0 0.0
#P3 0 0 0 1556 4963.0012975551745 0.0 25.98118749999999 11.220531249999999
#P4 0.06485081585081587 0.0295 3.906075 -21.0 -0.01 3.906075 3.9 3.9
#P5 19.95 0.60665 2.0 1.6066500000000001 -0.3933500000000001 22.95 21.45 3.0
#P6 19.45 -10.084000000000001 3.9999999999999964 -8.084000000000003 -12.084 23.450000000000003 21.450000000000003 4.0000000000000036
#P7 -0.160000000000025 0.38572000000000006 1.0 1.7031499999999995 0.4837600000000002 0.38651499999999994 0.8000000000000007 -0.09999999999999787
#P8 3.552713678800501e-15 0.20000000000000995 0.10000000000000853 -0.10000000000000142 0.09999999999999432 -1.7763568394002505e-15 0.19999999999999218 -2.043199999999999
#P9 -0.5645000000000024 4.0 1.4354999999999976 -2.5645000000000024 1.9567999999999977 -0.04320000000000057 3.9999999999999964 6.083441734313965
#P10 4913.22216796875 14.83899974822998 1 0.0 0.0
#N 13
#L Pt_No  omega  eh_c01  eh_t01  sl_mon_b_vol  sl_mon_t_vol  lmbd_countsroi1  lmbd_countsroi1_atten  lmbd_countsroi2  lmbd_countsroi2_atten  lmbd_countsroi3  lmbd_countsroi3_atten  dt
0 14.828603125000008 7981.0 0.5 0.03265625 0.033984375000000004 257.0 257.0 1207.0 1207.0 256.0 256.0 0.5575182437896729
1 14.829737500000007 7861.0 0.5 0.035 0.033359375000000004 274.0 274.0 1113.0 1113.0 216.0 216.0 1.1382620334625244
2 14.830871875000007 7931.0 0.5 0.034453125 0.03296875 345.0 345.0 1195.0 1195.0 244.0 244.0 1.7560627460479736
3 14.831962500000003 7758.0 0.5 0.031718750000000004 0.031640625 409.0 409.0 1248.0 1248.0 213.0 213.0 2.2979488372802734
4 14.833143750000005 8102.0 0.5 0.034296875 0.03421875 528.0 528.0 1512.0 1512.0 229.0 229.0 2.932063579559326
5 14.834337500000004 7997.0 0.5 0.0346875 0.033828125 690.0 690.0 1675.0 1675.0 251.0 251.0 3.604569911956787
6 14.835540625000007 7954.0 0.5 0.032890625 0.0334375 820.0 820.0 1905.0 1905.0 216.0 216.0 4.177659273147583
7 14.83663437500001 8045.0 0.5 0.034140625 0.03265625 1012.0 1012.0 2184.0 2184.0 207.0 207.0 4.775833606719971
8 14.837728125000005 7814.0 0.5 0.034296875 0.034921875 1368.0 1368.0 2608.0 2608.0 224.0 224.0 5.368813753128052
9 14.838915625000006 7912.0 0.5 0.033515625 0.03359375 1776.0 1776.0 3216.0 3216.0 243.0 243.0 5.968299627304077
10 14.840103125000006 8050.0 0.5 0.03640625 0.0325 2551.0 2551.0 4091.0 4091.0 218.0 218.0 6.5546534061431885
11 14.841287500000007 7970.0 0.5 0.03359375 0.034765625 4096.0 4096.0 5870.0 5870.0 242.0 242.0 7.233967065811157
12 14.842593749999999 7884.0 0.5 0.03671875 0.034375 6335.0 6335.0 8032.0 8032.0 213.0 213.0 7.8794355392456055
13 14.843812500000006 7883.0 0.5 0.0334375 0.034296875 10096.0 10096.0 11685.0 11685.0 255.0 255.0 8.527240991592407
14 14.844893750000004 8137.0 0.5 0.033515625 0.0340625 17339.0 17339.0 18763.0 18763.0 231.0 231.0 9.11618447303772
15 14.846093750000001 7904.0 0.5 0.034921875 0.033515625 26594.0 26594.0 27796.0 27796.0 218.0 218.0 9.734118938446045
16 14.847318750000007 8076.0 0.5 0.033984375000000004 0.035234375 30149.0 30149.0 31131.0 31131.0 220.0 220.0 10.342774391174316
17 14.84846875000001 8005.0 0.5 0.033046875 0.03203125 23017.0 23017.0 23831.0 23831.0 251.0 251.0 10.971408128738403
18 14.849571875000002 7950.0 0.5 0.03421875 0.033671875000000004 14744.0 14744.0 15381.0 15381.0 216.0 216.0 11.571675300598145
19 14.85076875 8122.0 0.5 0.034375 0.034453125 9236.0 9236.0 9833.0 9833.0 229.0 229.0 12.137311458587646
20 14.851971875000011 7983.0 0.5 0.033125 0.03328125 5897.0 5897.0 6435.0 6435.0 243.0 243.0 12.779969453811646
21 14.852987500000005 8000.0 0.5 0.033359375000000004 0.033984375000000004 4021.0 4021.0 4534.0 4534.0 234.0 234.0 13.356188535690308
22 14.854203125000005 7936.0 0.5 0.032109375 0.033671875000000004 3001.0 3001.0 3479.0 3479.0 230.0 230.0 13.956537246704102
23 14.855206250000002 7934.0 0.5 0.032265625 0.033828125 2357.0 2357.0 2786.0 2786.0 223.0 223.0 14.523492813110352
24 14.856406250000006 7919.0 0.5 0.034921875 0.03515625 1750.0 1750.0 2194.0 2194.0 228.0 228.0 15.142570972442627
25 14.857612500000002 7995.0 0.5 0.03484375 0.034296875 1459.0 1459.0 1842.0 1842.0 212.0 212.0 15.73476505279541
26 14.858731249999998 7916.0 0.5 0.035546875 0.03515625 1183.0 1183.0 1546.0 1546.0 195.0 195.0 16.332762241363525
27 14.860040625000003 7862.0 0.5 0.0321875 0.036640625 994.0 994.0 1342.0 1342.0 253.0 253.0 16.992936849594116
28 14.861125000000001 8017.0 0.5 0.033203125 0.034296875 907.0 907.0 1357.0 1357.0 225.0 225.0 17.586042642593384
29 14.862306250000003 7989.0 0.5 0.03375 0.035 765.0 765.0 1090.0 1090.0 218.0 218.0 18.198551654815674
30 14.863593750000007 7851.0 0.5 0.0346875 0.0340625 615.0 615.0 1040.0 1040.0 207.0 207.0 18.840925455093384
31 14.864703124999998 7819.0 0.5 0.033125 0.034609375 528.0 528.0 876.0 876.0 278.0 278.0 19.454395055770874
32 14.865900000000003 7731.0 0.5 0.033984375000000004 0.032734375 453.0 453.0 849.0 849.0 223.0 223.0 20.075895071029663
33 14.867103125000007 7928.0 0.5 0.034375 0.03515625 400.0 400.0 764.0 764.0 230.0 230.0 20.705496072769165
34 14.867950000000008 7877.0 0.5 0.033203125 0.03375 353.0 353.0 720.0 720.0 220.0 220.0 21.398815155029297
