#S 13574 ascan omega 14.8437 14.8837 40 0.5
#U p23user
#D Sun Jun 13 12:44:00 2021
#C Acquisition started at Sun Jun 13 12:44:00 2021
#O0 atten  attenpos  avg_beamcurrent  dcm_exitoffset  dcmbragg  diffractometer_h  diffractometer_k  diffractometer_l
#O1 gx  gy  gz  lmbd_compressionrate  lmbd_delaytime  lmbd_depth  lmbd_distortioncorrection  lmbd_energythreshold
#O2 lmbd_filestartnum  lmbd_framenumbers  lmbd_framesperfile  lmbd_height  lmbd_latestimagenumber  lmbd_shuttertime  lmbd_shuttertimemax  lmbd_shuttertimemin
#O3 lmbd_threadno  lmbd_totallossframes  lmbd_triggermode  lmbd_width  mnchrmtr  mono1roll  mono2par  mono2perp
#O4 mono2pitch  mono2roll  mono_height  monotrans  monoyaw  monoz1  monoz2  monoz3
#O5 ohsl1b  ohsl1h  ohsl1hgap  ohsl1l  ohsl1r  ohsl1t  ohsl1v  ohsl1vgap
#O6 ohsl2b  ohsl2h  ohsl2hgap  ohsl2l  ohsl2r  ohsl2t  ohsl2v  ohsl2vgap
#O7 phi  ps1v  ps1vg  ps2l  ps2r  ps2v  ps2vg  sl3b
#O8 sl3h  sl3hgap  sl3l  sl3r  sl3t  sl3v  sl3vgap  sl4b
#O9 sl4h  sl4hgap  sl4l  sl4r  sl4t  sl4v  sl4vgap  source_energy
#O10 und_en  undulator_gap  undulator_harmonic  undulator_phase  undulator_taper
#P0 1.0 0.0 94.54645538330078 20.7 23.50109580941002 1.0000013694760777 4.4339922138219505e-08 8.994580511186028e-05
#P1 -0.8900000000000006 -3.0 -0.71798828125 2 0.0 24 1 2300.0
#P2 0 1 1 516 -1 1000.0 2147483647.0 0.0
#P3 0 0 0 1556 4957.998861140972 0.0 25.955062499999997 11.222749999999998
#P4 0.06485081585081587 0.0295 3.906075 -21.0 -0.01 3.906075 3.9 3.9
#P5 19.95 0.60665 2.0 1.6066500000000001 -0.3933500000000001 22.95 21.45 3.0
#P6 19.45 -10.084000000000001 3.9999999999999964 -8.084000000000003 -12.084 23.450000000000003 21.450000000000003 4.0000000000000036
#P7 -0.160000000000025 0.38572000000000006 1.0 1.7031499999999995 0.4837600000000002 0.38651499999999994 0.8000000000000007 -0.09999999999999787
#P8 3.552713678800501e-15 0.20000000000000995 0.10000000000000853 -0.10000000000000142 0.09999999999999432 -1.7763568394002505e-15 0.19999999999999218 -2.043199999999999
#P9 -0.5645000000000024 4.0 1.4354999999999976 -2.5645000000000024 1.9567999999999977 -0.04320000000000057 3.9999999999999964 6.083469867706299
#P10 4908.15673828125 14.829999923706055 1 0.0 0.0
#N 13
#L Pt_No  omega  eh_c01  eh_t01  sl_mon_b_vol  sl_mon_t_vol  lmbd_countsroi1  lmbd_countsroi1_atten  lmbd_countsroi2  lmbd_countsroi2_atten  lmbd_countsroi3  lmbd_countsroi3_atten  dt
0 14.844109375000002 7714.0 0.5 0.034140625 0.03203125 226.0 226.0 1539.0 1539.0 190.0 190.0 0.533837080001831
1 14.845140625000006 7793.0 0.5 0.0328125 0.034296875 268.0 268.0 1041.0 1041.0 243.0 243.0 1.121037483215332
2 14.846253125000011 7706.0 0.5 0.03359375 0.034453125 374.0 374.0 1234.0 1234.0 211.0 211.0 1.724445104598999
3 14.847456250000008 7720.0 0.5 0.0325 0.0346875 409.0 409.0 1305.0 1305.0 208.0 208.0 2.321061134338379
4 14.848659375000004 7801.0 0.5 0.032421875 0.03328125 536.0 536.0 1505.0 1505.0 223.0 223.0 2.9736952781677246
5 14.849846875000004 7752.0 0.5 0.03375 0.035 610.0 610.0 1559.0 1559.0 232.0 232.0 3.5932905673980713
6 14.850928125000003 7810.0 0.5 0.0328125 0.03578125 842.0 842.0 1886.0 1886.0 211.0 211.0 4.151265621185303
7 14.852143750000003 7680.0 0.5 0.031796875 0.036328125 1037.0 1037.0 2259.0 2259.0 199.0 199.0 4.787222623825073
8 14.853446875000003 7906.0 0.5 0.031875 0.034765625 1442.0 1442.0 2686.0 2686.0 241.0 241.0 5.439947128295898
9 14.854634375000003 7645.0 0.5 0.032578125 0.035 1935.0 1935.0 3274.0 3274.0 199.0 199.0 6.068626880645752
10 14.855834375000008 7689.0 0.5 0.0346875 0.034765625 2650.0 2650.0 4185.0 4185.0 212.0 212.0 6.701744556427002
11 14.857040625000003 7783.0 0.5 0.030625 0.035234375 4321.0 4321.0 6045.0 6045.0 190.0 190.0 7.32817268371582
12 14.858237500000001 7695.0 0.5 0.034453125 0.033671875000000004 6401.0 6401.0 8133.0 8133.0 233.0 233.0 7.969911575317383
13 14.859346875000007 7925.0 0.5 0.033515625 0.033359375000000004 10139.0 10139.0 11810.0 11810.0 226.0 226.0 8.545594692230225
14 14.860668750000002 7706.0 0.5 0.03203125 0.03296875 17932.0 17932.0 19413.0 19413.0 233.0 233.0 9.225687265396118
15 14.861884375000002 7734.0 0.5 0.033515625 0.034375 28472.0 28472.0 29618.0 29618.0 199.0 199.0 9.917263746261597
16 14.86307500000001 7784.0 0.5 0.034296875 0.03578125 29289.0 29289.0 30135.0 30135.0 229.0 229.0 10.5176362991333
17 14.864287500000003 7733.0 0.5 0.03265625 0.033828125 20450.0 20450.0 21236.0 21236.0 237.0 237.0 11.169673681259155
18 14.865675000000003 7650.0 0.5 0.03234375 0.036875 11809.0 11809.0 12466.0 12466.0 229.0 229.0 11.836763381958008
19 14.86686250000001 7679.0 0.5 0.031718750000000004 0.034765625 7206.0 7206.0 7754.0 7754.0 213.0 213.0 12.467095136642456
20 14.868059375000009 7886.0 0.5 0.032578125 0.03359375 4749.0 4749.0 5248.0 5248.0 230.0 230.0 13.086464881896973
21 14.869262500000005 7782.0 0.5 0.0325 0.034765625 3296.0 3296.0 3741.0 3741.0 223.0 223.0 13.769402503967285
22 14.870443750000007 7681.0 0.5 0.034140625 0.0334375 2585.0 2585.0 3031.0 3031.0 197.0 197.0 14.314455509185791
23 14.871456250000008 7878.0 0.5 0.034453125 0.035390625 2069.0 2069.0 2510.0 2510.0 216.0 216.0 14.850935220718384
24 14.872662500000004 7660.0 0.5 0.033671875000000004 0.0334375 1550.0 1550.0 1959.0 1959.0 200.0 200.0 15.49303674697876
25 14.873868750000007 7709.0 0.5 0.0321875 0.03375 1315.0 1315.0 1679.0 1679.0 217.0 217.0 16.165607929229736
26 14.875065625000005 7656.0 0.5 0.03359375 0.034375 1074.0 1074.0 1437.0 1437.0 229.0 229.0 16.803473234176636
27 14.876271875000008 7737.0 0.5 0.032578125 0.0340625 899.0 899.0 1279.0 1279.0 223.0 223.0 17.384011030197144
28 14.877387500000005 7842.0 0.5 0.032734375 0.03453125 859.0 859.0 1215.0 1215.0 236.0 236.0 17.98782777786255
29 14.878678125000008 7732.0 0.5 0.0328125 0.034609375 652.0 652.0 1012.0 1012.0 190.0 190.0 18.638120889663696
30 14.879859375000002 7656.0 0.5 0.035078125 0.0334375 619.0 619.0 966.0 966.0 223.0 223.0 19.248528480529785
31 14.881043750000003 7779.0 0.5 0.03453125 0.035390625 544.0 544.0 920.0 920.0 230.0 230.0 19.856786012649536
32 14.882040625000009 7698.0 0.5 0.032734375 0.035234375 451.0 451.0 798.0 798.0 231.0 231.0 20.461308240890503
33 14.883237500000007 7755.0 0.5 0.0346875 0.033671875000000004 406.0 406.0 828.0 828.0 225.0 225.0 21.016939878463745
