#S 13568 ascan omega 14.8624 14.9024 40 0.5
#U p23user
#D Sun Jun 13 12:40:06 2021
#C Acquisition started at Sun Jun 13 12:40:06 2021
#O0 atten  attenpos  avg_beamcurrent  dcm_exitoffset  dcmbragg  diffractometer_h  diffractometer_k  diffractometer_l
#O1 gx  gy  gz  lmbd_compressionrate  lmbd_delaytime  lmbd_depth  lmbd_distortioncorrection  lmbd_energythreshold
#O2 lmbd_filestartnum  lmbd_framenumbers  lmbd_framesperfile  lmbd_height  lmbd_latestimagenumber  lmbd_shuttertime  lmbd_shuttertimemax  lmbd_shuttertimemin
#O3 lmbd_threadno  lmbd_totallossframes  lmbd_triggermode  lmbd_width  mnchrmtr  mono1roll  mono2par  mono2perp
#O4 mono2pitch  mono2roll  mono_height  monotrans  monoyaw  monoz1  monoz2  monoz3
#O5 ohsl1b  ohsl1h  ohsl1hgap  ohsl1l  ohsl1r  ohsl1t  ohsl1v  ohsl1vgap
#O6 ohsl2b  ohsl2h  ohsl2hgap  ohsl2l  ohsl2r  ohsl2t  ohsl2v  ohsl2vgap
#O7 phi  ps1v  ps1vg  ps2l  ps2r  ps2v  ps2vg  sl3b
#O8 sl3h  sl3hgap  sl3l  sl3r  sl3t  sl3v  sl3vgap  sl4b
#O9 sl4h  sl4hgap  sl4l  sl4r  sl4t  sl4v  sl4vgap  source_energy
#O10 und_en  undulator_gap  undulator_harmonic  undulator_phase  undulator_taper
#P0 1.0 0.0 94.66580200195312 20.7 23.531281022823503 1.0000017988732421 4.433992431907345e-08 8.994575806152898e-05
#P1 -0.8900000000000006 -3.0 -0.71798828125 2 0.0 24 1 2300.0
#P2 0 1 1 516 -1 1000.0 2147483647.0 0.0
#P3 0 0 0 1556 4952.000933297516 0.0 25.923624999999987 11.225406249999999
#P4 0.06485081585081587 0.0295 3.906075 -21.0 -0.01 3.906075 3.9 3.9
#P5 19.95 0.60665 2.0 1.6066500000000001 -0.3933500000000001 22.95 21.45 3.0
#P6 19.45 -10.084000000000001 3.9999999999999964 -8.084000000000003 -12.084 23.450000000000003 21.450000000000003 4.0000000000000036
#P7 -0.160000000000025 0.38572000000000006 1.0 1.7031499999999995 0.4837600000000002 0.38651499999999994 0.8000000000000007 -0.09999999999999787
#P8 3.552713678800501e-15 0.20000000000000995 0.10000000000000853 -0.10000000000000142 0.09999999999999432 -1.7763568394002505e-15 0.19999999999999218 -2.043199999999999
#P9 -0.5645000000000024 4.0 1.4354999999999976 -2.5645000000000024 1.9567999999999977 -0.04320000000000057 3.9999999999999964 6.083469867706299
#P10 4901.96728515625 14.819000244140625 1 0.0 0.0
#N 13
#L Pt_No  omega  eh_c01  eh_t01  sl_mon_b_vol  sl_mon_t_vol  lmbd_countsroi1  lmbd_countsroi1_atten  lmbd_countsroi2  lmbd_countsroi2_atten  lmbd_countsroi3  lmbd_countsroi3_atten  dt
0 14.862784375000004 7574.0 0.5 0.0334375 0.034140625 1591.0 1591.0 5837.0 5837.0 285.0 285.0 0.5396168231964111
1 14.863903125 7609.0 0.5 0.03328125 0.034140625 1834.0 1834.0 6136.0 6136.0 230.0 230.0 1.1740963459014893
2 14.865093750000007 7614.0 0.5 0.033515625 0.033125 2175.0 2175.0 6912.0 6912.0 201.0 201.0 1.789555311203003
3 14.866287500000006 7568.0 0.5 0.0340625 0.03359375 2775.0 2775.0 7781.0 7781.0 213.0 213.0 2.436055898666382
4 14.867387500000007 7738.0 0.5 0.0334375 0.032265625 3241.0 3241.0 8468.0 8468.0 223.0 223.0 2.99851393699646
5 14.868671875000004 7544.0 0.5 0.033203125 0.03359375 4172.0 4172.0 9719.0 9719.0 219.0 219.0 3.6330065727233887
6 14.869668750000002 7391.0 0.5 0.033671875000000004 0.034765625 5274.0 5274.0 11267.0 11267.0 228.0 228.0 4.217836141586304
7 14.870893750000008 7610.0 0.5 0.031875 0.032890625 6757.0 6757.0 13134.0 13134.0 223.0 223.0 4.821624994277954
8 14.872296875000004 7577.0 0.5 0.03421875 0.034140625 9212.0 9212.0 16402.0 16402.0 197.0 197.0 5.517904281616211
9 14.8733 7439.0 0.5 0.034296875 0.033984375000000004 12006.0 12006.0 19887.0 19887.0 202.0 202.0 6.067256689071655
10 14.874500000000005 7625.0 0.5 0.0325 0.0321875 16650.0 16650.0 25384.0 25384.0 232.0 232.0 6.68881893157959
11 14.875496875000003 7766.0 0.5 0.03515625 0.033984375000000004 23916.0 23916.0 33401.0 33401.0 258.0 258.0 7.262825965881348
12 14.876690625000002 7437.0 0.5 0.033125 0.03203125 35310.0 35310.0 45024.0 45024.0 258.0 258.0 7.83139181137085
13 14.877803125000007 7656.0 0.5 0.03421875 0.03203125 56301.0 56301.0 66558.0 66558.0 218.0 218.0 8.445055723190308
14 14.878912500000006 7671.0 0.5 0.03359375 0.03296875 92569.0 92569.0 101021.0 101021.0 195.0 195.0 9.026469707489014
15 14.880118750000008 7569.0 0.5 0.03453125 0.03421875 152970.0 152970.0 160001.0 160001.0 231.0 231.0 9.677210092544556
16 14.881318750000005 7692.0 0.5 0.032734375 0.033828125 187059.0 187059.0 192463.0 192463.0 208.0 208.0 10.249167442321777
17 14.882334375000006 7646.0 0.5 0.033203125 0.032890625 166718.0 166718.0 170928.0 170928.0 213.0 213.0 10.820513486862183
18 14.883346875000008 7734.0 0.5 0.035390625 0.03390625 115861.0 115861.0 119547.0 119547.0 213.0 213.0 11.37208104133606
19 14.884600000000006 7567.0 0.5 0.034375 0.033046875 73237.0 73237.0 76316.0 76316.0 253.0 253.0 11.953654766082764
20 14.885796875000004 7587.0 0.5 0.033046875 0.0328125 45847.0 45847.0 48472.0 48472.0 195.0 195.0 12.583218336105347
21 14.886796875000009 7605.0 0.5 0.03421875 0.03453125 30896.0 30896.0 33103.0 33103.0 214.0 214.0 13.178860902786255
22 14.888012500000002 7745.0 0.5 0.035 0.03484375 22601.0 22601.0 24581.0 24581.0 213.0 213.0 13.745016813278198
23 14.889215625000006 7579.0 0.5 0.033125 0.03578125 17054.0 17054.0 18959.0 18959.0 224.0 224.0 14.376932859420776
24 14.890221875000002 7527.0 0.5 0.03375 0.03296875 13267.0 13267.0 14990.0 14990.0 218.0 218.0 14.95599889755249
25 14.891418750000007 7769.0 0.5 0.03421875 0.031171875 10685.0 10685.0 12257.0 12257.0 192.0 192.0 15.52249550819397
26 14.892528125000005 7671.0 0.5 0.031406250000000004 0.033359375000000004 8666.0 8666.0 10085.0 10085.0 187.0 187.0 16.1385235786438
27 14.893840625000003 7619.0 0.5 0.033515625 0.032265625 7181.0 7181.0 8661.0 8661.0 209.0 209.0 16.805639266967773
28 14.89505937500001 7604.0 0.5 0.033125 0.0325 6190.0 6190.0 7526.0 7526.0 238.0 238.0 17.427403450012207
29 14.896171875000007 7559.0 0.5 0.03390625 0.033359375000000004 5193.0 5193.0 6480.0 6480.0 205.0 205.0 18.031729698181152
30 14.897187500000001 7633.0 0.5 0.031953125 0.03296875 4478.0 4478.0 5739.0 5739.0 254.0 254.0 18.578611373901367
31 14.898290625000008 7509.0 0.5 0.0325 0.03390625 4034.0 4034.0 5264.0 5264.0 210.0 210.0 19.12946105003357
32 14.899296875000005 7749.0 0.5 0.0325 0.03421875 3640.0 3640.0 4858.0 4858.0 204.0 204.0 19.710278749465942
33 14.900503125000007 7516.0 0.5 0.033125 0.035078125 3079.0 3079.0 4416.0 4416.0 238.0 238.0 20.313799619674683
34 14.901593750000004 7698.0 0.5 0.034921875 0.0334375 2758.0 2758.0 4142.0 4142.0 235.0 235.0 20.884521484375
35 14.902000000000001 7552.0 0.5 0.03359375 0.0334375 2649.0 2649.0 4081.0 4081.0 188.0 188.0 21.49184226989746
