#S 13561 ascan omega 14.8842 14.9242 40 0.5
#U p23user
#D Sun Jun 13 12:35:33 2021
#C Acquisition started at Sun Jun 13 12:35:33 2021
#O0 atten  attenpos  avg_beamcurrent  dcm_exitoffset  dcmbragg  diffractometer_h  diffractometer_k  diffractometer_l
#O1 gx  gy  gz  lmbd_compressionrate  lmbd_delaytime  lmbd_depth  lmbd_distortioncorrection  lmbd_energythreshold
#O2 lmbd_filestartnum  lmbd_framenumbers  lmbd_framesperfile  lmbd_height  lmbd_latestimagenumber  lmbd_shuttertime  lmbd_shuttertimemax  lmbd_shuttertimemin
#O3 lmbd_threadno  lmbd_totallossframes  lmbd_triggermode  lmbd_width  mnchrmtr  mono1roll  mono2par  mono2perp
#O4 mono2pitch  mono2roll  mono_height  monotrans  monoyaw  monoz1  monoz2  monoz3
#O5 ohsl1b  ohsl1h  ohsl1hgap  ohsl1l  ohsl1r  ohsl1t  ohsl1v  ohsl1vgap
#O6 ohsl2b  ohsl2h  ohsl2hgap  ohsl2l  ohsl2r  ohsl2t  ohsl2v  ohsl2vgap
#O7 phi  ps1v  ps1vg  ps2l  ps2r  ps2v  ps2vg  sl3b
#O8 sl3h  sl3hgap  sl3l  sl3r  sl3t  sl3v  sl3vgap  sl4b
#O9 sl4h  sl4hgap  sl4l  sl4r  sl4t  sl4v  sl4vgap  source_energy
#O10 und_en  undulator_gap  undulator_harmonic  undulator_phase  undulator_taper
#P0 1.0 0.0 94.5295181274414 20.7 23.56660765915981 1.000001337623006 4.9245462719610846e-08 9.011849342769003e-05
#P1 -0.8900000000000006 -3.0 -0.71798828125 2 0.0 24 1 2300.0
#P2 0 1 1 516 -1 1000.0 2147483647.0 0.0
#P3 0 0 0 1556 4945.002543868736 0.0 25.886999999999986 11.22853125
#P4 0.06485081585081587 0.0295 3.906075 -21.0 -0.01 3.906075 3.9 3.9
#P5 19.95 0.60665 2.0 1.6066500000000001 -0.3933500000000001 22.95 21.45 3.0
#P6 19.45 -10.084000000000001 3.9999999999999964 -8.084000000000003 -12.084 23.450000000000003 21.450000000000003 4.0000000000000036
#P7 -0.160000000000025 0.38572000000000006 1.0 1.7031499999999995 0.4837600000000002 0.38651499999999994 0.8000000000000007 -0.09999999999999787
#P8 3.552713678800501e-15 0.20000000000000995 0.10000000000000853 -0.10000000000000142 0.09999999999999432 -1.7763568394002505e-15 0.19999999999999218 -2.043199999999999
#P9 -0.5645000000000024 4.0 1.4354999999999976 -2.5645000000000024 1.9567999999999977 -0.04320000000000057 3.9999999999999964 6.083469867706299
#P10 4895.2177734375 14.807000160217285 1 0.0 0.0
#N 13
#L Pt_No  omega  eh_c01  eh_t01  sl_mon_b_vol  sl_mon_t_vol  lmbd_countsroi1  lmbd_countsroi1_atten  lmbd_countsroi2  lmbd_countsroi2_atten  lmbd_countsroi3  lmbd_countsroi3_atten  dt
0 14.884681250000007 7406.0 0.5 0.03375 0.033203125 1559.0 1559.0 5901.0 5901.0 209.0 209.0 0.532141923904419
1 14.885834375000009 7535.0 0.5 0.031718750000000004 0.03328125 1794.0 1794.0 6285.0 6285.0 229.0 229.0 1.1305243968963623
2 14.88694375 7484.0 0.5 0.035 0.03375 2250.0 2250.0 6925.0 6925.0 218.0 218.0 1.749260663986206
3 14.888034375000004 7288.0 0.5 0.035078125 0.032734375 2606.0 2606.0 7572.0 7572.0 221.0 221.0 2.3095171451568604
4 14.889359375000005 7426.0 0.5 0.0321875 0.033359375000000004 3341.0 3341.0 8777.0 8777.0 296.0 296.0 3.009446382522583
5 14.890456250000007 7295.0 0.5 0.032890625 0.033125 4167.0 4167.0 10089.0 10089.0 210.0 210.0 3.619488477706909
6 14.891828125000004 7509.0 0.5 0.034609375 0.032265625 5518.0 5518.0 11823.0 11823.0 209.0 209.0 4.274751663208008
7 14.893034375000006 7483.0 0.5 0.033671875000000004 0.03375 7125.0 7125.0 13982.0 13982.0 228.0 228.0 4.916421890258789
8 14.894056250000006 7439.0 0.5 0.0334375 0.03265625 9185.0 9185.0 16540.0 16540.0 234.0 234.0 5.4647955894470215
9 14.895250000000004 7594.0 0.5 0.0334375 0.032421875 12190.0 12190.0 20127.0 20127.0 271.0 271.0 6.077259063720703
10 14.896428125000007 7407.0 0.5 0.033671875000000004 0.035078125 16389.0 16389.0 24979.0 24979.0 199.0 199.0 6.665399789810181
11 14.897440625000009 7475.0 0.5 0.0328125 0.03390625 23577.0 23577.0 32779.0 32779.0 190.0 190.0 7.256001234054565
12 14.898637500000007 7359.0 0.5 0.0334375 0.032890625 33612.0 33612.0 43117.0 43117.0 223.0 223.0 7.816016674041748
13 14.899625000000007 7406.0 0.5 0.032265625 0.0340625 49713.0 49713.0 59357.0 59357.0 224.0 224.0 8.358741044998169
14 14.900796875000005 7352.0 0.5 0.0340625 0.035234375 80938.0 80938.0 88941.0 88941.0 211.0 211.0 8.992908477783203
15 14.902093750000006 7518.0 0.5 0.033125 0.0334375 128034.0 128034.0 134162.0 134162.0 196.0 196.0 9.665699005126953
16 14.903190625000008 7327.0 0.5 0.03328125 0.033515625 154950.0 154950.0 159631.0 159631.0 194.0 194.0 10.275813341140747
17 14.904606250000008 7421.0 0.5 0.03265625 0.03375 135815.0 135815.0 139488.0 139488.0 241.0 241.0 10.943509578704834
18 14.905600000000007 7501.0 0.5 0.03296875 0.033984375000000004 97540.0 97540.0 100793.0 100793.0 219.0 219.0 11.527247190475464
19 14.906796875000005 7486.0 0.5 0.03515625 0.03390625 65132.0 65132.0 67919.0 67919.0 216.0 216.0 12.100282907485962
20 14.90799687500001 7275.0 0.5 0.034375 0.032578125 41106.0 41106.0 43480.0 43480.0 213.0 213.0 12.77483320236206
21 14.909125000000003 7615.0 0.5 0.032578125 0.03296875 29015.0 29015.0 31102.0 31102.0 227.0 227.0 13.352790832519531
22 14.910240625000007 7297.0 0.5 0.033203125 0.034296875 21431.0 21431.0 23369.0 23369.0 215.0 215.0 13.92449951171875
23 14.911450000000002 7582.0 0.5 0.034765625 0.032890625 16620.0 16620.0 18463.0 18463.0 227.0 227.0 14.530399799346924
24 14.912453125000006 7556.0 0.5 0.033828125 0.032734375 13128.0 13128.0 14757.0 14757.0 212.0 212.0 15.096064805984497
25 14.913578125 7474.0 0.5 0.0334375 0.03296875 10622.0 10622.0 12070.0 12070.0 205.0 205.0 15.673991680145264
26 14.914893750000005 7461.0 0.5 0.0334375 0.033046875 8633.0 8633.0 10030.0 10030.0 210.0 210.0 16.333474159240723
27 14.91589062500001 7355.0 0.5 0.032109375 0.0325 7309.0 7309.0 8720.0 8720.0 202.0 202.0 16.89090895652771
28 14.917093750000006 7339.0 0.5 0.033515625 0.034140625 6397.0 6397.0 7715.0 7715.0 221.0 221.0 17.481687784194946
29 14.918084375000007 7255.0 0.5 0.03421875 0.03328125 5405.0 5405.0 6691.0 6691.0 220.0 220.0 18.0419340133667
30 14.919265625000001 7548.0 0.5 0.033203125 0.0346875 4701.0 4701.0 5969.0 5969.0 219.0 219.0 18.615910291671753
31 14.920271875000005 7414.0 0.5 0.03296875 0.033203125 4274.0 4274.0 5622.0 5622.0 207.0 207.0 19.191590070724487
32 14.921475000000001 7534.0 0.5 0.033359375000000004 0.03234375 3800.0 3800.0 5115.0 5115.0 219.0 219.0 19.76808500289917
33 14.922487500000003 7359.0 0.5 0.032734375 0.033359375000000004 3266.0 3266.0 4583.0 4583.0 253.0 253.0 20.349372386932373
34 14.923593750000009 7398.0 0.5 0.034453125 0.03234375 2800.0 2800.0 4277.0 4277.0 211.0 211.0 20.941534519195557
