#S 13569 ascan omega 14.8593 14.8993 40 0.5
#U p23user
#D Sun Jun 13 12:40:46 2021
#C Acquisition started at Sun Jun 13 12:40:46 2021
#O0 atten  attenpos  avg_beamcurrent  dcm_exitoffset  dcmbragg  diffractometer_h  diffractometer_k  diffractometer_l
#O1 gx  gy  gz  lmbd_compressionrate  lmbd_delaytime  lmbd_depth  lmbd_distortioncorrection  lmbd_energythreshold
#O2 lmbd_filestartnum  lmbd_framenumbers  lmbd_framesperfile  lmbd_height  lmbd_latestimagenumber  lmbd_shuttertime  lmbd_shuttertimemax  lmbd_shuttertimemin
#O3 lmbd_threadno  lmbd_totallossframes  lmbd_triggermode  lmbd_width  mnchrmtr  mono1roll  mono2par  mono2perp
#O4 mono2pitch  mono2roll  mono_height  monotrans  monoyaw  monoz1  monoz2  monoz3
#O5 ohsl1b  ohsl1h  ohsl1hgap  ohsl1l  ohsl1r  ohsl1t  ohsl1v  ohsl1vgap
#O6 ohsl2b  ohsl2h  ohsl2hgap  ohsl2l  ohsl2r  ohsl2t  ohsl2v  ohsl2vgap
#O7 phi  ps1v  ps1vg  ps2l  ps2r  ps2v  ps2vg  sl3b
#O8 sl3h  sl3hgap  sl3l  sl3r  sl3t  sl3v  sl3vgap  sl4b
#O9 sl4h  sl4hgap  sl4l  sl4r  sl4t  sl4v  sl4vgap  source_energy
#O10 und_en  undulator_gap  undulator_harmonic  undulator_phase  undulator_taper
#P0 1.0 0.0 94.3578109741211 20.7 23.526243139344277 1.0000009446752998 4.433990312798967e-08 8.994575831799551e-05
#P1 -0.8900000000000006 -3.0 -0.71798828125 2 0.0 24 1 2300.0
#P2 0 1 1 516 -1 1000.0 2147483647.0 0.0
#P3 0 0 0 1556 4952.999422710545 0.0 25.92887499999999 11.224968749999999
#P4 0.06485081585081587 0.0295 3.906075 -21.0 -0.01 3.906075 3.9 3.9
#P5 19.95 0.60665 2.0 1.6066500000000001 -0.3933500000000001 22.95 21.45 3.0
#P6 19.45 -10.084000000000001 3.9999999999999964 -8.084000000000003 -12.084 23.450000000000003 21.450000000000003 4.0000000000000036
#P7 -0.160000000000025 0.38572000000000006 1.0 1.7031499999999995 0.4837600000000002 0.38651499999999994 0.8000000000000007 -0.09999999999999787
#P8 3.552713678800501e-15 0.20000000000000995 0.10000000000000853 -0.10000000000000142 0.09999999999999432 -1.7763568394002505e-15 0.19999999999999218 -2.043199999999999
#P9 -0.5645000000000024 4.0 1.4354999999999976 -2.5645000000000024 1.9567999999999977 -0.04320000000000057 3.9999999999999964 6.083441734313965
#P10 4903.0927734375 14.821000099182129 1 0.0 0.0
#N 13
#L Pt_No  omega  eh_c01  eh_t01  sl_mon_b_vol  sl_mon_t_vol  lmbd_countsroi1  lmbd_countsroi1_atten  lmbd_countsroi2  lmbd_countsroi2_atten  lmbd_countsroi3  lmbd_countsroi3_atten  dt
0 14.859650000000002 7731.0 0.5 0.032734375 0.034140625 1143.0 1143.0 4310.0 4310.0 236.0 236.0 0.5290586948394775
1 14.860665625000003 7672.0 0.5 0.034140625 0.034609375 1277.0 1277.0 4428.0 4428.0 219.0 219.0 1.1288127899169922
2 14.861765625000004 7659.0 0.5 0.034375 0.033359375000000004 1519.0 1519.0 4895.0 4895.0 213.0 213.0 1.7317886352539062
3 14.862959375000003 7746.0 0.5 0.03328125 0.033125 1953.0 1953.0 5659.0 5659.0 201.0 201.0 2.284451723098755
4 14.863965624999999 7685.0 0.5 0.033671875000000004 0.035078125 2312.0 2312.0 6073.0 6073.0 243.0 243.0 2.8228089809417725
5 14.864971875000002 7566.0 0.5 0.033515625 0.03453125 2918.0 2918.0 6959.0 6959.0 230.0 230.0 3.3721468448638916
6 14.866084375000007 7702.0 0.5 0.036015625 0.032265625 3490.0 3490.0 7876.0 7876.0 218.0 218.0 3.9542810916900635
7 14.867193750000006 7436.0 0.5 0.032421875 0.033359375000000004 4484.0 4484.0 9181.0 9181.0 224.0 224.0 4.536300420761108
8 14.868506250000003 7753.0 0.5 0.03453125 0.032734375 5910.0 5910.0 10942.0 10942.0 206.0 206.0 5.222308874130249
9 14.869606250000004 7686.0 0.5 0.036015625 0.033828125 7805.0 7805.0 13269.0 13269.0 203.0 203.0 5.7754271030426025
10 14.87060312500001 7708.0 0.5 0.034453125 0.034453125 10222.0 10222.0 16158.0 16158.0 236.0 236.0 6.331696033477783
11 14.871803125000007 7572.0 0.5 0.034140625 0.034765625 14275.0 14275.0 20961.0 20961.0 206.0 206.0 6.92902135848999
12 14.873021875000006 7713.0 0.5 0.032578125 0.03484375 21871.0 21871.0 29034.0 29034.0 229.0 229.0 7.569927930831909
13 14.874237500000007 7643.0 0.5 0.034921875 0.034375 34741.0 34741.0 42361.0 42361.0 207.0 207.0 8.187172174453735
14 14.875346875000005 7760.0 0.5 0.0321875 0.0334375 56500.0 56500.0 63286.0 63286.0 233.0 233.0 8.798932552337646
15 14.876434375000002 7726.0 0.5 0.033671875000000004 0.032578125 92484.0 92484.0 98144.0 98144.0 207.0 207.0 9.38406491279602
16 14.877615625000004 7662.0 0.5 0.033984375000000004 0.033046875 131006.0 131006.0 135711.0 135711.0 223.0 223.0 9.962685108184814
17 14.878796875000006 7592.0 0.5 0.034765625 0.035546875 137343.0 137343.0 140751.0 140751.0 236.0 236.0 10.609190940856934
18 14.879971875000003 7557.0 0.5 0.03234375 0.03375 99224.0 99224.0 102028.0 102028.0 239.0 239.0 11.22255563735962
19 14.881165625000001 7583.0 0.5 0.03484375 0.0328125 58710.0 58710.0 61118.0 61118.0 221.0 221.0 11.877962112426758
20 14.882553125000008 7632.0 0.5 0.0328125 0.033984375000000004 34692.0 34692.0 36699.0 36699.0 200.0 200.0 12.580141067504883
21 14.883743750000008 7821.0 0.5 0.031328125 0.03515625 23289.0 23289.0 24996.0 24996.0 245.0 245.0 13.150477170944214
22 14.884762500000008 7716.0 0.5 0.030859375 0.03296875 17125.0 17125.0 18719.0 18719.0 220.0 220.0 13.715454339981079
23 14.885978125000001 7720.0 0.5 0.03359375 0.034140625 12026.0 12026.0 13445.0 13445.0 254.0 254.0 14.386831045150757
24 14.887387500000003 7704.0 0.5 0.033359375000000004 0.033984375000000004 9406.0 9406.0 10708.0 10708.0 206.0 206.0 15.074798107147217
25 14.888575000000003 7738.0 0.5 0.031484375 0.034375 7463.0 7463.0 8552.0 8552.0 193.0 193.0 15.713447332382202
26 14.889762500000003 7737.0 0.5 0.03296875 0.033125 6102.0 6102.0 7273.0 7273.0 215.0 215.0 16.342616081237793
27 14.890956250000002 7756.0 0.5 0.034375 0.034609375 5175.0 5175.0 6270.0 6270.0 222.0 222.0 16.92738914489746
28 14.891962500000005 7594.0 0.5 0.033203125 0.033828125 4374.0 4374.0 5473.0 5473.0 206.0 206.0 17.520094394683838
29 14.893159375000003 7681.0 0.5 0.03390625 0.03453125 3866.0 3866.0 4963.0 4963.0 226.0 226.0 18.09004521369934
30 14.8943625 7721.0 0.5 0.03328125 0.033671875000000004 3269.0 3269.0 4252.0 4252.0 219.0 219.0 18.75479507446289
31 14.895565625000003 7667.0 0.5 0.0328125 0.03375 2725.0 2725.0 3615.0 3615.0 201.0 201.0 19.39504313468933
32 14.896765625000008 7563.0 0.5 0.03375 0.034140625 2541.0 2541.0 3507.0 3507.0 202.0 202.0 19.994547367095947
33 14.897971875000003 7715.0 0.5 0.0328125 0.03421875 2041.0 2041.0 3054.0 3054.0 208.0 208.0 20.59164834022522
34 14.898834375 7599.0 0.5 0.03359375 0.03375 1812.0 1812.0 2862.0 2862.0 208.0 208.0 21.248142957687378
