#S 13545 ascan omega 14.9344 14.9744 40 0.5
#U p23user
#D Sun Jun 13 12:25:11 2021
#C Acquisition started at Sun Jun 13 12:25:11 2021
#O0 atten  attenpos  avg_beamcurrent  dcm_exitoffset  dcmbragg  diffractometer_h  diffractometer_k  diffractometer_l
#O1 gx  gy  gz  lmbd_compressionrate  lmbd_delaytime  lmbd_depth  lmbd_distortioncorrection  lmbd_energythreshold
#O2 lmbd_filestartnum  lmbd_framenumbers  lmbd_framesperfile  lmbd_height  lmbd_latestimagenumber  lmbd_shuttertime  lmbd_shuttertimemax  lmbd_shuttertimemin
#O3 lmbd_threadno  lmbd_totallossframes  lmbd_triggermode  lmbd_width  mnchrmtr  mono1roll  mono2par  mono2perp
#O4 mono2pitch  mono2roll  mono_height  monotrans  monoyaw  monoz1  monoz2  monoz3
#O5 ohsl1b  ohsl1h  ohsl1hgap  ohsl1l  ohsl1r  ohsl1t  ohsl1v  ohsl1vgap
#O6 ohsl2b  ohsl2h  ohsl2hgap  ohsl2l  ohsl2r  ohsl2t  ohsl2v  ohsl2vgap
#O7 phi  ps1v  ps1vg  ps2l  ps2r  ps2v  ps2vg  sl3b
#O8 sl3h  sl3hgap  sl3l  sl3r  sl3t  sl3v  sl3vgap  sl4b
#O9 sl4h  sl4hgap  sl4l  sl4r  sl4t  sl4v  sl4vgap  source_energy
#O10 und_en  undulator_gap  undulator_harmonic  undulator_phase  undulator_taper
#P0 1.0 0.0 94.5676498413086 20.7 23.647754572266475 1.0000004624512093 4.924540097402862e-08 9.011843150325308e-05
#P1 -0.8900000000000006 -3.0 -0.71798828125 2 0.0 24 1 2300.0
#P2 0 1 1 516 -1 1000.0 2147483647.0 0.0
#P3 0 0 0 1556 4929.00050831374 0.0 25.80324999999999 11.235718749999998
#P4 0.06485081585081587 0.0295 3.906075 -21.0 -0.01 3.906075 3.9 3.9
#P5 19.95 0.60665 2.0 1.6066500000000001 -0.3933500000000001 22.95 21.45 3.0
#P6 19.45 -10.084000000000001 3.9999999999999964 -8.084000000000003 -12.084 23.450000000000003 21.450000000000003 4.0000000000000036
#P7 -0.160000000000025 0.38572000000000006 1.0 1.7031499999999995 0.4837600000000002 0.38651499999999994 0.8000000000000007 -0.09999999999999787
#P8 3.552713678800501e-15 0.20000000000000995 0.10000000000000853 -0.10000000000000142 0.09999999999999432 -1.7763568394002505e-15 0.19999999999999218 -2.043199999999999
#P9 -0.5645000000000024 4.0 1.4354999999999976 -2.5645000000000024 1.9567999999999977 -0.04320000000000057 3.9999999999999964 6.083469867706299
#P10 4878.9091796875 14.777999877929688 1 0.0 0.0
#N 13
#L Pt_No  omega  eh_c01  eh_t01  sl_mon_b_vol  sl_mon_t_vol  lmbd_countsroi1  lmbd_countsroi1_atten  lmbd_countsroi2  lmbd_countsroi2_atten  lmbd_countsroi3  lmbd_countsroi3_atten  dt
0 14.934825000000004 7059.0 0.5 0.0321875 0.0340625 106.0 106.0 696.0 696.0 233.0 233.0 0.539456844329834
1 14.935953125000005 7139.0 0.5 0.031015625 0.03078125 107.0 107.0 470.0 470.0 229.0 229.0 1.1701061725616455
2 14.937146875000003 7198.0 0.5 0.0328125 0.03546875 154.0 154.0 602.0 602.0 218.0 218.0 1.7779722213745117
3 14.93836875000001 7120.0 0.5 0.03125 0.035 144.0 144.0 596.0 596.0 209.0 209.0 2.4279286861419678
4 14.939584375000003 7137.0 0.5 0.034765625 0.033984375000000004 219.0 219.0 658.0 658.0 187.0 187.0 3.0468249320983887
5 14.940603125000003 7105.0 0.5 0.0328125 0.033515625 244.0 244.0 684.0 684.0 181.0 181.0 3.6227967739105225
6 14.941803125000007 7009.0 0.5 0.032421875 0.033046875 318.0 318.0 832.0 832.0 206.0 206.0 4.2351393699646
7 14.942906250000007 7167.0 0.5 0.032265625 0.032578125 406.0 406.0 959.0 959.0 198.0 198.0 4.8018107414245605
8 14.944206250000008 7001.0 0.5 0.034375 0.032890625 575.0 575.0 1139.0 1139.0 205.0 205.0 5.497153282165527
9 14.945415625000003 7036.0 0.5 0.032890625 0.031640625 714.0 714.0 1321.0 1321.0 184.0 184.0 6.08482551574707
10 14.946550000000002 7143.0 0.5 0.033046875 0.0315625 1118.0 1118.0 1882.0 1882.0 225.0 225.0 6.707277059555054
11 14.947650000000003 7053.0 0.5 0.03328125 0.033203125 1806.0 1806.0 2688.0 2688.0 208.0 208.0 7.253941059112549
12 14.948840625000003 7202.0 0.5 0.03234375 0.034296875 2616.0 2616.0 3532.0 3532.0 217.0 217.0 7.870157718658447
13 14.950021875000004 7045.0 0.5 0.033203125 0.03203125 3852.0 3852.0 4687.0 4687.0 197.0 197.0 8.510014295578003
14 14.951209375000005 7246.0 0.5 0.0309375 0.034296875 6678.0 6678.0 7426.0 7426.0 194.0 194.0 9.148820400238037
15 14.952306250000007 7112.0 0.5 0.031718750000000004 0.033828125 10419.0 10419.0 11085.0 11085.0 198.0 198.0 9.726071834564209
16 14.953606250000007 7203.0 0.5 0.030390625 0.034453125 12250.0 12250.0 12732.0 12732.0 209.0 209.0 10.365381956100464
17 14.954787500000002 7010.0 0.5 0.033125 0.033125 8880.0 8880.0 9310.0 9310.0 202.0 202.0 11.030222415924072
18 14.955881250000004 7116.0 0.5 0.0309375 0.033203125 5680.0 5680.0 6035.0 6035.0 169.0 169.0 11.589721202850342
19 14.957100000000004 7064.0 0.5 0.032890625 0.0334375 3256.0 3256.0 3601.0 3601.0 230.0 230.0 12.217838764190674
20 14.958190625000007 6968.0 0.5 0.033125 0.031875 2113.0 2113.0 2459.0 2459.0 215.0 215.0 12.810646057128906
21 14.959384375000006 7118.0 0.5 0.0321875 0.034375 1444.0 1444.0 1739.0 1739.0 208.0 208.0 13.392766952514648
22 14.960596875000007 7065.0 0.5 0.033828125 0.03421875 1118.0 1118.0 1386.0 1386.0 213.0 213.0 14.012537956237793
23 14.961771875000004 7108.0 0.5 0.03296875 0.031718750000000004 828.0 828.0 1121.0 1121.0 198.0 198.0 14.633230209350586
24 14.962868750000005 7056.0 0.5 0.03453125 0.03265625 647.0 647.0 911.0 911.0 204.0 204.0 15.238168716430664
25 14.963975000000005 6941.0 0.5 0.033125 0.03203125 479.0 479.0 686.0 686.0 177.0 177.0 15.791489601135254
26 14.964971875000003 7147.0 0.5 0.035078125 0.033203125 461.0 461.0 705.0 705.0 194.0 194.0 16.37953758239746
27 14.966356250000004 7048.0 0.5 0.033203125 0.031875 379.0 379.0 724.0 724.0 206.0 206.0 17.05286431312561
28 14.967571875000004 6993.0 0.5 0.032734375 0.034609375 298.0 298.0 598.0 598.0 185.0 185.0 17.70175790786743
29 14.968759375000005 7044.0 0.5 0.0325 0.0321875 295.0 295.0 511.0 511.0 209.0 209.0 18.293437480926514
30 14.969890625000005 7093.0 0.5 0.0325 0.0328125 240.0 240.0 493.0 493.0 233.0 233.0 18.906076431274414
31 14.971096875000008 7040.0 0.5 0.033359375000000004 0.034453125 182.0 182.0 421.0 421.0 224.0 224.0 19.53779673576355
32 14.97239062500001 7012.0 0.5 0.031406250000000004 0.032578125 163.0 163.0 418.0 418.0 170.0 170.0 20.21205997467041
33 14.973553125000002 7061.0 0.5 0.032734375 0.032890625 158.0 158.0 407.0 407.0 185.0 185.0 20.871775150299072
