#S 13551 ascan omega 14.9156 14.9556 40 0.5
#U p23user
#D Sun Jun 13 12:29:03 2021
#C Acquisition started at Sun Jun 13 12:29:03 2021
#O0 atten  attenpos  avg_beamcurrent  dcm_exitoffset  dcmbragg  diffractometer_h  diffractometer_k  diffractometer_l
#O1 gx  gy  gz  lmbd_compressionrate  lmbd_delaytime  lmbd_depth  lmbd_distortioncorrection  lmbd_energythreshold
#O2 lmbd_filestartnum  lmbd_framenumbers  lmbd_framesperfile  lmbd_height  lmbd_latestimagenumber  lmbd_shuttertime  lmbd_shuttertimemax  lmbd_shuttertimemin
#O3 lmbd_threadno  lmbd_totallossframes  lmbd_triggermode  lmbd_width  mnchrmtr  mono1roll  mono2par  mono2perp
#O4 mono2pitch  mono2roll  mono_height  monotrans  monoyaw  monoz1  monoz2  monoz3
#O5 ohsl1b  ohsl1h  ohsl1hgap  ohsl1l  ohsl1r  ohsl1t  ohsl1v  ohsl1vgap
#O6 ohsl2b  ohsl2h  ohsl2hgap  ohsl2l  ohsl2r  ohsl2t  ohsl2v  ohsl2vgap
#O7 phi  ps1v  ps1vg  ps2l  ps2r  ps2v  ps2vg  sl3b
#O8 sl3h  sl3hgap  sl3l  sl3r  sl3t  sl3v  sl3vgap  sl4b
#O9 sl4h  sl4hgap  sl4l  sl4r  sl4t  sl4v  sl4vgap  source_energy
#O10 und_en  undulator_gap  undulator_harmonic  undulator_phase  undulator_taper
#P0 1.0 0.0 94.44775390625 20.7 23.61724752196276 1.0000016978837947 4.9245438241192224e-08 9.011847449398518e-05
#P1 -0.8900000000000006 -3.0 -0.71798828125 2 0.0 24 1 2300.0
#P2 0 1 1 516 -1 1000.0 2147483647.0 0.0
#P3 0 0 0 1556 4935.001823661243 0.0 25.83462499999999 11.232999999999999
#P4 0.06485081585081587 0.0295 3.906075 -21.0 -0.01 3.906075 3.9 3.9
#P5 19.95 0.60665 2.0 1.6066500000000001 -0.3933500000000001 22.95 21.45 3.0
#P6 19.45 -10.084000000000001 3.9999999999999964 -8.084000000000003 -12.084 23.450000000000003 21.450000000000003 4.0000000000000036
#P7 -0.160000000000025 0.38572000000000006 1.0 1.7031499999999995 0.4837600000000002 0.38651499999999994 0.8000000000000007 -0.09999999999999787
#P8 3.552713678800501e-15 0.20000000000000995 0.10000000000000853 -0.10000000000000142 0.09999999999999432 -1.7763568394002505e-15 0.19999999999999218 -2.043199999999999
#P9 -0.5645000000000024 4.0 1.4354999999999976 -2.5645000000000024 1.9567999999999977 -0.04320000000000057 3.9999999999999964 6.083441734313965
#P10 4885.09326171875 14.788999557495117 1 0.0 0.0
#N 13
#L Pt_No  omega  eh_c01  eh_t01  sl_mon_b_vol  sl_mon_t_vol  lmbd_countsroi1  lmbd_countsroi1_atten  lmbd_countsroi2  lmbd_countsroi2_atten  lmbd_countsroi3  lmbd_countsroi3_atten  dt
0 14.91597812500001 7336.0 0.5 0.03421875 0.03328125 375.0 375.0 1554.0 1554.0 228.0 228.0 0.5350992679595947
1 14.91691250000001 7133.0 0.5 0.030078125 0.03484375 444.0 444.0 1554.0 1554.0 207.0 207.0 1.1022040843963623
2 14.918100000000003 7465.0 0.5 0.032734375 0.03421875 559.0 559.0 1766.0 1766.0 196.0 196.0 1.665177583694458
3 14.919203125000003 7263.0 0.5 0.033984375000000004 0.034921875 631.0 631.0 1862.0 1862.0 231.0 231.0 2.2639005184173584
4 14.92041875000001 7229.0 0.5 0.032421875 0.033046875 775.0 775.0 2198.0 2198.0 220.0 220.0 2.9022998809814453
5 14.921703125 7264.0 0.5 0.032109375 0.0321875 1083.0 1083.0 2540.0 2540.0 224.0 224.0 3.5747907161712646
6 14.92291250000001 7162.0 0.5 0.032265625 0.033203125 1334.0 1334.0 3021.0 3021.0 241.0 241.0 4.220582485198975
7 14.924028125000007 7347.0 0.5 0.034296875 0.03359375 1835.0 1835.0 3602.0 3602.0 221.0 221.0 4.799103260040283
8 14.925143750000004 7147.0 0.5 0.033359375000000004 0.03234375 2241.0 2241.0 4398.0 4398.0 220.0 220.0 5.38197660446167
9 14.926471875000011 7200.0 0.5 0.03328125 0.034140625 3383.0 3383.0 5864.0 5864.0 198.0 198.0 6.068353891372681
10 14.927762500000007 7202.0 0.5 0.031718750000000004 0.03234375 5627.0 5627.0 8882.0 8882.0 217.0 217.0 6.713101863861084
11 14.928900000000006 7270.0 0.5 0.03515625 0.031171875 12938.0 12938.0 18029.0 18029.0 207.0 207.0 7.322230815887451
12 14.930193750000008 7160.0 0.5 0.031171875 0.03453125 16192.0 16192.0 20948.0 20948.0 203.0 203.0 7.991178750991821
13 14.931378125000002 7176.0 0.5 0.03296875 0.0346875 18144.0 18144.0 21597.0 21597.0 215.0 215.0 8.600722074508667
14 14.932478125000003 7261.0 0.5 0.033203125 0.032578125 29114.0 29114.0 31844.0 31844.0 221.0 221.0 9.213694334030151
15 14.933675000000008 7418.0 0.5 0.03328125 0.0340625 42581.0 42581.0 44695.0 44695.0 217.0 217.0 9.837032556533813
16 14.934762500000005 7209.0 0.5 0.033125 0.034609375 44033.0 44033.0 45585.0 45585.0 254.0 254.0 10.387974739074707
17 14.935862499999999 7309.0 0.5 0.033515625 0.033984375000000004 31464.0 31464.0 32653.0 32653.0 204.0 204.0 10.985023736953735
18 14.937056250000005 7170.0 0.5 0.033515625 0.033046875 18311.0 18311.0 19273.0 19273.0 215.0 215.0 11.602908372879028
19 14.938162500000004 7335.0 0.5 0.0346875 0.0340625 11586.0 11586.0 12467.0 12467.0 184.0 184.0 12.17371654510498
20 14.93936875 7071.0 0.5 0.033984375000000004 0.034609375 7479.0 7479.0 8266.0 8266.0 218.0 218.0 12.781695127487183
21 14.940590625000006 7176.0 0.5 0.033671875000000004 0.0346875 5120.0 5120.0 5734.0 5734.0 198.0 198.0 13.421812534332275
22 14.941806249999999 7265.0 0.5 0.03515625 0.031484375 3703.0 3703.0 4314.0 4314.0 198.0 198.0 14.091969966888428
23 14.943028125000005 7168.0 0.5 0.031718750000000004 0.03296875 2827.0 2827.0 3357.0 3357.0 222.0 222.0 14.715468645095825
24 14.944187500000005 7198.0 0.5 0.033671875000000004 0.032734375 2224.0 2224.0 2777.0 2777.0 229.0 229.0 15.329208374023438
25 14.945296875000004 7158.0 0.5 0.033203125 0.03296875 1866.0 1866.0 2420.0 2420.0 202.0 202.0 15.875115394592285
26 14.946490625000003 7242.0 0.5 0.03296875 0.030859375 1613.0 1613.0 2101.0 2101.0 218.0 218.0 16.509446144104004
27 14.947596875000002 7212.0 0.5 0.0346875 0.0325 1339.0 1339.0 1804.0 1804.0 200.0 200.0 17.118415117263794
28 14.948703125000002 7202.0 0.5 0.031718750000000004 0.032421875 1175.0 1175.0 1703.0 1703.0 219.0 219.0 17.692310333251953
29 14.949903125000006 7308.0 0.5 0.033359375000000004 0.0325 1027.0 1027.0 1412.0 1412.0 187.0 187.0 18.33925199508667
30 14.951112500000008 7260.0 0.5 0.03578125 0.033515625 908.0 908.0 1307.0 1307.0 206.0 206.0 18.920326471328735
31 14.952300000000001 7330.0 0.5 0.032578125 0.032734375 778.0 778.0 1243.0 1243.0 196.0 196.0 19.542641401290894
32 14.953493750000007 7332.0 0.5 0.033984375000000004 0.033203125 665.0 665.0 1065.0 1065.0 200.0 200.0 20.156677722930908
33 14.95450312500001 7309.0 0.5 0.034296875 0.032578125 616.0 616.0 1033.0 1033.0 196.0 196.0 20.705267667770386
34 14.955453125000005 7275.0 0.5 0.035546875 0.0321875 542.0 542.0 953.0 953.0 198.0 198.0 21.296984434127808
