#S 13530 ascan omega 14.7749 14.8149 40 0.5
#U p23user
#D Sun Jun 13 12:07:38 2021
#C Acquisition started at Sun Jun 13 12:07:38 2021
#O0 atten  attenpos  avg_beamcurrent  dcm_exitoffset  dcmbragg  diffractometer_h  diffractometer_k  diffractometer_l
#O1 gx  gy  gz  lmbd_compressionrate  lmbd_delaytime  lmbd_depth  lmbd_distortioncorrection  lmbd_energythreshold
#O2 lmbd_filestartnum  lmbd_framenumbers  lmbd_framesperfile  lmbd_height  lmbd_latestimagenumber  lmbd_shuttertime  lmbd_shuttertimemax  lmbd_shuttertimemin
#O3 lmbd_threadno  lmbd_totallossframes  lmbd_triggermode  lmbd_width  mnchrmtr  mono1roll  mono2par  mono2perp
#O4 mono2pitch  mono2roll  mono_height  monotrans  monoyaw  monoz1  monoz2  monoz3
#O5 ohsl1b  ohsl1h  ohsl1hgap  ohsl1l  ohsl1r  ohsl1t  ohsl1v  ohsl1vgap
#O6 ohsl2b  ohsl2h  ohsl2hgap  ohsl2l  ohsl2r  ohsl2t  ohsl2v  ohsl2vgap
#O7 phi  ps1v  ps1vg  ps2l  ps2r  ps2v  ps2vg  sl3b
#O8 sl3h  sl3hgap  sl3l  sl3r  sl3t  sl3v  sl3vgap  sl4b
#O9 sl4h  sl4hgap  sl4l  sl4r  sl4t  sl4v  sl4vgap  source_energy
#O10 und_en  undulator_gap  undulator_harmonic  undulator_phase  undulator_taper
#P0 1.0 0.0 94.13529205322266 20.7 23.396062010824085 1.000000336464777 5.1855291655228255e-06 0.00019461734246338934
#P1 -0.8900000000000006 -3.0 -0.71798828125 2 0.0 24 1 2300.0
#P2 0 1 1 516 -1 500.0 2147483647.0 0.0
#P3 0 0 0 1556 4979.001636462742 0.0 26.064999999999998 11.213499999999998
#P4 0.06485081585081587 0.0295 3.906075 -21.0 -0.01 3.906075 3.9 3.9
#P5 19.95 0.60665 2.0 1.6066500000000001 -0.3933500000000001 22.95 21.45 3.0
#P6 19.45 -10.084000000000001 3.9999999999999964 -8.084000000000003 -12.084 23.450000000000003 21.450000000000003 4.0000000000000036
#P7 0.0 0.38572000000000006 1.0 1.7031499999999995 0.4837600000000002 0.38651499999999994 0.8000000000000007 -0.09999999999999787
#P8 3.552713678800501e-15 0.20000000000000995 0.10000000000000853 -0.10000000000000142 0.09999999999999432 -1.7763568394002505e-15 0.19999999999999218 -2.043199999999999
#P9 -0.5645000000000024 4.0 1.4354999999999976 -2.5645000000000024 1.9567999999999977 -0.04320000000000057 3.9999999999999964 6.083469867706299
#P10 4928.421875 14.866000175476074 1 0.0 0.0
#N 13
#L Pt_No  omega  eh_c01  eh_t01  sl_mon_b_vol  sl_mon_t_vol  lmbd_countsroi1  lmbd_countsroi1_atten  lmbd_countsroi2  lmbd_countsroi2_atten  lmbd_countsroi3  lmbd_countsroi3_atten  dt
0 14.775290625000011 8041.0 0.5 0.034765625 0.037109375 52.0 52.0 679.0 679.0 252.0 252.0 0.5252480506896973
1 14.776409375000007 8232.0 0.5 0.033203125 0.035390625 45.0 45.0 382.0 382.0 226.0 226.0 1.198962688446045
2 14.777587500000003 8240.0 0.5 0.03296875 0.035390625 43.0 43.0 379.0 379.0 228.0 228.0 1.7564136981964111
3 14.778962500000006 8073.0 0.5 0.0321875 0.036484375 84.0 84.0 409.0 409.0 212.0 212.0 2.4582979679107666
4 14.780140625000008 8075.0 0.5 0.034609375 0.033984375000000004 67.0 67.0 445.0 445.0 260.0 260.0 3.082580089569092
5 14.781140625000006 8093.0 0.5 0.03375 0.034296875 83.0 83.0 452.0 452.0 206.0 206.0 3.6360812187194824
6 14.782140625000004 8050.0 0.5 0.034375 0.03421875 122.0 122.0 499.0 499.0 274.0 274.0 4.1723668575286865
7 14.78334375 8234.0 0.5 0.0325 0.035546875 125.0 125.0 532.0 532.0 230.0 230.0 4.8253068923950195
8 14.784540625000005 8052.0 0.5 0.03484375 0.035 142.0 142.0 610.0 610.0 225.0 225.0 5.408331394195557
9 14.785553125 8186.0 0.5 0.03390625 0.03484375 187.0 187.0 627.0 627.0 208.0 208.0 5.978265762329102
10 14.786959375000002 8201.0 0.5 0.033046875 0.03625 227.0 227.0 730.0 730.0 215.0 215.0 6.656519412994385
11 14.788187500000006 8182.0 0.5 0.03703125 0.03484375 306.0 306.0 778.0 778.0 220.0 220.0 7.2894628047943115
12 14.789281250000002 8062.0 0.5 0.03453125 0.03265625 432.0 432.0 915.0 915.0 223.0 223.0 7.898575067520142
13 14.79049687500001 8231.0 0.5 0.034609375 0.034453125 604.0 604.0 1184.0 1184.0 234.0 234.0 8.52653694152832
14 14.791606250000001 8119.0 0.5 0.0328125 0.0334375 888.0 888.0 1517.0 1517.0 259.0 259.0 9.143373012542725
15 14.792728125000004 8185.0 0.5 0.03234375 0.035 1562.0 1562.0 2364.0 2364.0 290.0 290.0 9.711681604385376
16 14.793975000000003 8170.0 0.5 0.034375 0.035 2049.0 2049.0 2820.0 2820.0 245.0 245.0 10.352560043334961
17 14.795065625000007 8183.0 0.5 0.034140625 0.036171875 2622.0 2622.0 3275.0 3275.0 228.0 228.0 10.91506552696228
18 14.796078125000001 8230.0 0.5 0.034140625 0.034453125 3882.0 3882.0 4466.0 4466.0 233.0 233.0 11.47843050956726
19 14.797312500000004 8138.0 0.5 0.033046875 0.035859375 6500.0 6500.0 7047.0 7047.0 249.0 249.0 12.091668128967285
20 14.798521875000006 8145.0 0.5 0.034140625 0.0334375 8089.0 8089.0 8535.0 8535.0 231.0 231.0 12.69566535949707
21 14.799537500000007 8195.0 0.5 0.033046875 0.034765625 6966.0 6966.0 7338.0 7338.0 230.0 230.0 13.249473571777344
22 14.800753125000007 8105.0 0.5 0.034765625 0.034609375 4559.0 4559.0 4926.0 4926.0 262.0 262.0 13.860240697860718
23 14.80175937500001 8040.0 0.5 0.0346875 0.03390625 2741.0 2741.0 3064.0 3064.0 247.0 247.0 14.441538572311401
24 14.802765625000006 8141.0 0.5 0.036796875 0.0325 1885.0 1885.0 2270.0 2270.0 205.0 205.0 14.966177463531494
25 14.803868750000007 8231.0 0.5 0.035078125 0.035625000000000004 1353.0 1353.0 1657.0 1657.0 242.0 242.0 15.535069227218628
26 14.80499062500001 8065.0 0.5 0.036875 0.03484375 879.0 879.0 1248.0 1248.0 248.0 248.0 16.093888998031616
27 14.806225000000005 8190.0 0.5 0.03359375 0.034609375 667.0 667.0 906.0 906.0 204.0 204.0 16.720608711242676
28 14.807415625000004 8310.0 0.5 0.03640625 0.034296875 533.0 533.0 837.0 837.0 249.0 249.0 17.374162435531616
29 14.808606250000004 8173.0 0.5 0.03296875 0.0340625 426.0 426.0 711.0 711.0 260.0 260.0 17.997316122055054
30 14.809787500000006 8219.0 0.5 0.03703125 0.03359375 348.0 348.0 630.0 630.0 227.0 227.0 18.62612295150757
31 14.81099062500001 8207.0 0.5 0.033359375000000004 0.0321875 248.0 248.0 465.0 465.0 235.0 235.0 19.244881868362427
32 14.812190625000007 8270.0 0.5 0.036640625 0.033984375000000004 259.0 259.0 503.0 503.0 250.0 250.0 19.89537215232849
33 14.813290625000008 8092.0 0.5 0.03609375 0.03390625 234.0 234.0 471.0 471.0 207.0 207.0 20.452533960342407
34 14.814503125000002 8240.0 0.5 0.036171875 0.035078125 201.0 201.0 420.0 420.0 219.0 219.0 21.137959003448486
