#S 13543 ascan omega 14.9407 14.9807 40 0.5
#U p23user
#D Sun Jun 13 12:23:54 2021
#C Acquisition started at Sun Jun 13 12:23:54 2021
#O0 atten  attenpos  avg_beamcurrent  dcm_exitoffset  dcmbragg  diffractometer_h  diffractometer_k  diffractometer_l
#O1 gx  gy  gz  lmbd_compressionrate  lmbd_delaytime  lmbd_depth  lmbd_distortioncorrection  lmbd_energythreshold
#O2 lmbd_filestartnum  lmbd_framenumbers  lmbd_framesperfile  lmbd_height  lmbd_latestimagenumber  lmbd_shuttertime  lmbd_shuttertimemax  lmbd_shuttertimemin
#O3 lmbd_threadno  lmbd_totallossframes  lmbd_triggermode  lmbd_width  mnchrmtr  mono1roll  mono2par  mono2perp
#O4 mono2pitch  mono2roll  mono_height  monotrans  monoyaw  monoz1  monoz2  monoz3
#O5 ohsl1b  ohsl1h  ohsl1hgap  ohsl1l  ohsl1r  ohsl1t  ohsl1v  ohsl1vgap
#O6 ohsl2b  ohsl2h  ohsl2hgap  ohsl2l  ohsl2r  ohsl2t  ohsl2v  ohsl2vgap
#O7 phi  ps1v  ps1vg  ps2l  ps2r  ps2v  ps2vg  sl3b
#O8 sl3h  sl3hgap  sl3l  sl3r  sl3t  sl3v  sl3vgap  sl4b
#O9 sl4h  sl4hgap  sl4l  sl4r  sl4t  sl4v  sl4vgap  source_energy
#O10 und_en  undulator_gap  undulator_harmonic  undulator_phase  undulator_taper
#P0 1.0 0.0 94.06102752685547 20.7 23.657941310070964 1.000000761599381 4.924540615324804e-08 9.01183730554579e-05
#P1 -0.8900000000000006 -3.0 -0.71798828125 2 0.0 24 1 2300.0
#P2 0 1 1 516 -1 1000.0 2147483647.0 0.0
#P3 0 0 0 1556 4926.999422045883 0.0 25.792749999999998 11.236624999999998
#P4 0.06485081585081587 0.0295 3.906075 -21.0 -0.01 3.906075 3.9 3.9
#P5 19.95 0.60665 2.0 1.6066500000000001 -0.3933500000000001 22.95 21.45 3.0
#P6 19.45 -10.084000000000001 3.9999999999999964 -8.084000000000003 -12.084 23.450000000000003 21.450000000000003 4.0000000000000036
#P7 -0.160000000000025 0.38572000000000006 1.0 1.7031499999999995 0.4837600000000002 0.38651499999999994 0.8000000000000007 -0.09999999999999787
#P8 3.552713678800501e-15 0.20000000000000995 0.10000000000000853 -0.10000000000000142 0.09999999999999432 -1.7763568394002505e-15 0.19999999999999218 -2.043199999999999
#P9 -0.5645000000000024 4.0 1.4354999999999976 -2.5645000000000024 1.9567999999999977 -0.04320000000000057 3.9999999999999964 6.083469867706299
#P10 4877.22216796875 14.774999618530273 1 0.0 0.0
#N 13
#L Pt_No  omega  eh_c01  eh_t01  sl_mon_b_vol  sl_mon_t_vol  lmbd_countsroi1  lmbd_countsroi1_atten  lmbd_countsroi2  lmbd_countsroi2_atten  lmbd_countsroi3  lmbd_countsroi3_atten  dt
0 14.941125000000007 7049.0 0.5 0.030546875 0.033125 99.0 99.0 704.0 704.0 203.0 203.0 0.5288877487182617
1 14.942184375000004 7140.0 0.5 0.033828125 0.032890625 70.0 70.0 402.0 402.0 201.0 201.0 1.1294186115264893
2 14.943296875000009 6987.0 0.5 0.033984375000000004 0.034921875 82.0 82.0 427.0 427.0 206.0 206.0 1.7329730987548828
3 14.944421875000003 7171.0 0.5 0.033203125 0.03390625 124.0 124.0 514.0 514.0 211.0 211.0 2.301950216293335
4 14.945534375000001 7080.0 0.5 0.0328125 0.03359375 129.0 129.0 533.0 533.0 191.0 191.0 2.8599190711975098
5 14.946728125000007 7146.0 0.5 0.033203125 0.032890625 174.0 174.0 550.0 550.0 206.0 206.0 3.5353481769561768
6 14.947937500000009 7015.0 0.5 0.03328125 0.033515625 239.0 239.0 739.0 739.0 221.0 221.0 4.144378662109375
7 14.949156250000001 7084.0 0.5 0.035625000000000004 0.032109375 272.0 272.0 707.0 707.0 201.0 201.0 4.743779897689819
8 14.950259375000009 7095.0 0.5 0.033125 0.034140625 357.0 357.0 837.0 837.0 207.0 207.0 5.350725889205933
9 14.951553125000004 7137.0 0.5 0.033984375000000004 0.033671875000000004 558.0 558.0 1114.0 1114.0 201.0 201.0 6.010526895523071
10 14.952650000000006 7085.0 0.5 0.035 0.032265625 769.0 769.0 1314.0 1314.0 243.0 243.0 6.604865312576294
11 14.953843750000004 7018.0 0.5 0.033359375000000004 0.03359375 1336.0 1336.0 2107.0 2107.0 206.0 206.0 7.223712921142578
12 14.954925000000003 7012.0 0.5 0.0340625 0.032421875 1953.0 1953.0 2662.0 2662.0 206.0 206.0 7.829011917114258
13 14.956131250000006 7167.0 0.5 0.0325 0.034921875 2711.0 2711.0 3441.0 3441.0 201.0 201.0 8.407721757888794
14 14.957209375000005 7039.0 0.5 0.036015625 0.033984375000000004 4198.0 4198.0 4853.0 4853.0 181.0 181.0 8.9897301197052
15 14.95829687500001 7137.0 0.5 0.032890625 0.033515625 6734.0 6734.0 7235.0 7235.0 189.0 189.0 9.593874216079712
16 14.959512500000002 7124.0 0.5 0.03421875 0.031953125 8823.0 8823.0 9284.0 9284.0 177.0 177.0 10.210190296173096
17 14.960715625000006 7036.0 0.5 0.033515625 0.033828125 7268.0 7268.0 7699.0 7699.0 198.0 198.0 10.831427097320557
18 14.9619 6951.0 0.5 0.033671875000000004 0.0334375 4646.0 4646.0 4988.0 4988.0 209.0 209.0 11.423039197921753
19 14.963109375000009 7208.0 0.5 0.032265625 0.034765625 2695.0 2695.0 2995.0 2995.0 206.0 206.0 12.0482337474823
20 14.964321875000003 7273.0 0.5 0.03203125 0.0334375 1609.0 1609.0 1882.0 1882.0 237.0 237.0 12.706103563308716
21 14.965434375000008 7028.0 0.5 0.0334375 0.033984375000000004 1160.0 1160.0 1428.0 1428.0 205.0 205.0 13.28559398651123
22 14.966528125000004 7026.0 0.5 0.03328125 0.033046875 793.0 793.0 1038.0 1038.0 234.0 234.0 13.855522394180298
23 14.967534375000007 7012.0 0.5 0.032890625 0.03421875 628.0 628.0 939.0 939.0 196.0 196.0 14.418174266815186
24 14.968787500000005 7210.0 0.5 0.035312500000000004 0.032421875 519.0 519.0 774.0 774.0 176.0 176.0 15.04574203491211
25 14.969996875000007 7134.0 0.5 0.033515625 0.032109375 418.0 418.0 687.0 687.0 214.0 214.0 15.700329303741455
26 14.971187500000006 7189.0 0.5 0.031171875 0.033828125 353.0 353.0 584.0 584.0 182.0 182.0 16.286685943603516
27 14.972381250000005 7136.0 0.5 0.031484375 0.032890625 301.0 301.0 569.0 569.0 212.0 212.0 16.92086935043335
28 14.973478125000007 7253.0 0.5 0.031406250000000004 0.03328125 235.0 235.0 456.0 456.0 185.0 185.0 17.490733861923218
29 14.974584375000006 7067.0 0.5 0.030859375 0.0328125 215.0 215.0 402.0 402.0 213.0 213.0 18.060052394866943
30 14.975781250000004 7241.0 0.5 0.033203125 0.03234375 174.0 174.0 449.0 449.0 194.0 194.0 18.716888904571533
31 14.976993750000005 7236.0 0.5 0.0334375 0.0315625 149.0 149.0 340.0 340.0 215.0 215.0 19.302590131759644
32 14.978000000000002 7167.0 0.5 0.03203125 0.034296875 148.0 148.0 351.0 351.0 224.0 224.0 19.87526774406433
33 14.979321875000004 7136.0 0.5 0.03296875 0.03265625 105.0 105.0 314.0 314.0 209.0 209.0 20.54895281791687
34 14.980518750000009 7093.0 0.5 0.034375 0.033046875 102.0 102.0 330.0 330.0 199.0 199.0 21.23901605606079
