#S 13542 ascan omega 14.9439 14.9839 40 0.5
#U p23user
#D Sun Jun 13 12:23:15 2021
#C Acquisition started at Sun Jun 13 12:23:15 2021
#O0 atten  attenpos  avg_beamcurrent  dcm_exitoffset  dcmbragg  diffractometer_h  diffractometer_k  diffractometer_l
#O1 gx  gy  gz  lmbd_compressionrate  lmbd_delaytime  lmbd_depth  lmbd_distortioncorrection  lmbd_energythreshold
#O2 lmbd_filestartnum  lmbd_framenumbers  lmbd_framesperfile  lmbd_height  lmbd_latestimagenumber  lmbd_shuttertime  lmbd_shuttertimemax  lmbd_shuttertimemin
#O3 lmbd_threadno  lmbd_totallossframes  lmbd_triggermode  lmbd_width  mnchrmtr  mono1roll  mono2par  mono2perp
#O4 mono2pitch  mono2roll  mono_height  monotrans  monoyaw  monoz1  monoz2  monoz3
#O5 ohsl1b  ohsl1h  ohsl1hgap  ohsl1l  ohsl1r  ohsl1t  ohsl1v  ohsl1vgap
#O6 ohsl2b  ohsl2h  ohsl2hgap  ohsl2l  ohsl2r  ohsl2t  ohsl2v  ohsl2vgap
#O7 phi  ps1v  ps1vg  ps2l  ps2r  ps2v  ps2vg  sl3b
#O8 sl3h  sl3hgap  sl3l  sl3r  sl3t  sl3v  sl3vgap  sl4b
#O9 sl4h  sl4hgap  sl4l  sl4r  sl4t  sl4v  sl4vgap  source_energy
#O10 und_en  undulator_gap  undulator_harmonic  undulator_phase  undulator_taper
#P0 1.0 0.0 94.78477478027344 20.7 23.66303710847016 1.0000010131908348 4.9245441940987516e-08 9.011844695280785e-05
#P1 -0.8900000000000006 -3.0 -0.71798828125 2 0.0 24 1 2300.0
#P2 0 1 1 516 -1 1000.0 2147483647.0 0.0
#P3 0 0 0 1556 4925.999721401756 0.0 25.787499999999994 11.23709375
#P4 0.06485081585081587 0.0295 3.906075 -21.0 -0.01 3.906075 3.9 3.9
#P5 19.95 0.60665 2.0 1.6066500000000001 -0.3933500000000001 22.95 21.45 3.0
#P6 19.45 -10.084000000000001 3.9999999999999964 -8.084000000000003 -12.084 23.450000000000003 21.450000000000003 4.0000000000000036
#P7 -0.160000000000025 0.38572000000000006 1.0 1.7031499999999995 0.4837600000000002 0.38651499999999994 0.8000000000000007 -0.09999999999999787
#P8 3.552713678800501e-15 0.20000000000000995 0.10000000000000853 -0.10000000000000142 0.09999999999999432 -1.7763568394002505e-15 0.19999999999999218 -2.043199999999999
#P9 -0.5645000000000024 4.0 1.4354999999999976 -2.5645000000000024 1.9567999999999977 -0.04320000000000057 3.9999999999999964 6.083441734313965
#P10 4876.09765625 14.77299976348877 1 0.0 0.0
#N 13
#L Pt_No  omega  eh_c01  eh_t01  sl_mon_b_vol  sl_mon_t_vol  lmbd_countsroi1  lmbd_countsroi1_atten  lmbd_countsroi2  lmbd_countsroi2_atten  lmbd_countsroi3  lmbd_countsroi3_atten  dt
0 14.94428125000001 7200.0 0.5 0.0325 0.032421875 78.0 78.0 508.0 508.0 201.0 201.0 0.5367231369018555
1 14.945315625000006 7216.0 0.5 0.0321875 0.032734375 79.0 79.0 392.0 392.0 189.0 189.0 1.118833303451538
2 14.946418750000007 7133.0 0.5 0.03375 0.033203125 105.0 105.0 473.0 473.0 208.0 208.0 1.7142319679260254
3 14.947528125000005 7219.0 0.5 0.033359375000000004 0.033984375000000004 91.0 91.0 412.0 412.0 216.0 216.0 2.282256603240967
4 14.948734375000008 7035.0 0.5 0.03421875 0.030625 128.0 128.0 473.0 473.0 236.0 236.0 2.9037299156188965
5 14.950040625000007 7081.0 0.5 0.035 0.03328125 148.0 148.0 479.0 479.0 216.0 216.0 3.569242477416992
6 14.951253125000001 7165.0 0.5 0.033359375000000004 0.033828125 196.0 196.0 578.0 578.0 184.0 184.0 4.199279308319092
7 14.952253125000006 7070.0 0.5 0.033828125 0.032890625 265.0 265.0 675.0 675.0 210.0 210.0 4.773155689239502
8 14.953443750000005 7312.0 0.5 0.034453125 0.03234375 374.0 374.0 816.0 816.0 223.0 223.0 5.406932353973389
9 14.954637500000004 7159.0 0.5 0.03265625 0.03359375 443.0 443.0 905.0 905.0 209.0 209.0 5.979414939880371
10 14.955746875000003 7054.0 0.5 0.03234375 0.03265625 645.0 645.0 1188.0 1188.0 213.0 213.0 6.584500789642334
11 14.956859375000008 7219.0 0.5 0.032421875 0.03328125 1078.0 1078.0 1779.0 1779.0 218.0 218.0 7.183799982070923
12 14.958056250000006 7093.0 0.5 0.034296875 0.0328125 1674.0 1674.0 2354.0 2354.0 192.0 192.0 7.765577077865601
13 14.959246875000005 7086.0 0.5 0.032421875 0.033125 2245.0 2245.0 2870.0 2870.0 213.0 213.0 8.42514967918396
14 14.960443750000003 7037.0 0.5 0.0340625 0.032421875 3648.0 3648.0 4207.0 4207.0 184.0 184.0 9.00624942779541
15 14.96144375 7134.0 0.5 0.03125 0.0334375 5809.0 5809.0 6275.0 6275.0 221.0 221.0 9.564080476760864
16 14.962643750000005 7043.0 0.5 0.03328125 0.031640625 7579.0 7579.0 7994.0 7994.0 198.0 198.0 10.142202138900757
17 14.963646875000002 7106.0 0.5 0.034765625 0.033203125 6971.0 6971.0 7331.0 7331.0 200.0 200.0 10.707423210144043
18 14.964768750000005 7058.0 0.5 0.032734375 0.0321875 4454.0 4454.0 4755.0 4755.0 184.0 184.0 11.295006513595581
19 14.965890625000007 7074.0 0.5 0.03328125 0.033515625 2789.0 2789.0 3133.0 3133.0 196.0 196.0 11.856679916381836
20 14.967103125000001 6977.0 0.5 0.031718750000000004 0.03296875 1718.0 1718.0 1975.0 1975.0 201.0 201.0 12.516967058181763
21 14.968296875000007 7117.0 0.5 0.0334375 0.035078125 1098.0 1098.0 1330.0 1330.0 214.0 214.0 13.145546436309814
22 14.9694875 7131.0 0.5 0.03421875 0.033125 768.0 768.0 1017.0 1017.0 207.0 207.0 13.769455909729004
23 14.970681250000005 7085.0 0.5 0.03234375 0.0325 548.0 548.0 779.0 779.0 202.0 202.0 14.380321264266968
24 14.971781250000006 7178.0 0.5 0.032734375 0.032734375 471.0 471.0 679.0 679.0 199.0 199.0 14.949863910675049
25 14.972896875000004 7104.0 0.5 0.033359375000000004 0.034140625 400.0 400.0 608.0 608.0 227.0 227.0 15.518131256103516
26 14.974096875 7195.0 0.5 0.032890625 0.031953125 307.0 307.0 515.0 515.0 142.0 142.0 16.14426875114441
27 14.975278125000003 7016.0 0.5 0.034453125 0.03390625 232.0 232.0 501.0 501.0 174.0 174.0 16.82527184486389
28 14.976462500000004 7243.0 0.5 0.0325 0.033046875 229.0 229.0 429.0 429.0 193.0 193.0 17.426539182662964
29 14.977671875000006 7130.0 0.5 0.03296875 0.03359375 198.0 198.0 412.0 412.0 200.0 200.0 18.009934186935425
30 14.978809375000004 7068.0 0.5 0.033515625 0.03296875 161.0 161.0 374.0 374.0 196.0 196.0 18.62921404838562
31 14.979925000000009 7001.0 0.5 0.03296875 0.032578125 150.0 150.0 351.0 351.0 164.0 164.0 19.18388867378235
32 14.981118750000007 7147.0 0.5 0.033125 0.03234375 125.0 125.0 398.0 398.0 224.0 224.0 19.802972555160522
33 14.982121875000004 7119.0 0.5 0.034921875 0.033125 108.0 108.0 330.0 330.0 221.0 221.0 20.385048866271973
34 14.983318750000002 7108.0 0.5 0.034921875 0.032578125 131.0 131.0 335.0 335.0 196.0 196.0 20.98807382583618
35 14.984000000000009 7157.0 0.5 0.033046875 0.034453125 82.0 82.0 277.0 277.0 192.0 192.0 21.56996989250183
