#S 13546 ascan omega 14.9313 14.9713 40 0.5
#U p23user
#D Sun Jun 13 12:25:49 2021
#C Acquisition started at Sun Jun 13 12:25:49 2021
#O0 atten  attenpos  avg_beamcurrent  dcm_exitoffset  dcmbragg  diffractometer_h  diffractometer_k  diffractometer_l
#O1 gx  gy  gz  lmbd_compressionrate  lmbd_delaytime  lmbd_depth  lmbd_distortioncorrection  lmbd_energythreshold
#O2 lmbd_filestartnum  lmbd_framenumbers  lmbd_framesperfile  lmbd_height  lmbd_latestimagenumber  lmbd_shuttertime  lmbd_shuttertimemax  lmbd_shuttertimemin
#O3 lmbd_threadno  lmbd_totallossframes  lmbd_triggermode  lmbd_width  mnchrmtr  mono1roll  mono2par  mono2perp
#O4 mono2pitch  mono2roll  mono_height  monotrans  monoyaw  monoz1  monoz2  monoz3
#O5 ohsl1b  ohsl1h  ohsl1hgap  ohsl1l  ohsl1r  ohsl1t  ohsl1v  ohsl1vgap
#O6 ohsl2b  ohsl2h  ohsl2hgap  ohsl2l  ohsl2r  ohsl2t  ohsl2v  ohsl2vgap
#O7 phi  ps1v  ps1vg  ps2l  ps2r  ps2v  ps2vg  sl3b
#O8 sl3h  sl3hgap  sl3l  sl3r  sl3t  sl3v  sl3vgap  sl4b
#O9 sl4h  sl4hgap  sl4l  sl4r  sl4t  sl4v  sl4vgap  source_energy
#O10 und_en  undulator_gap  undulator_harmonic  undulator_phase  undulator_taper
#P0 1.0 0.0 94.85139465332031 20.7 23.64266977805935 1.000000723002911 4.433987652799284e-08 8.994573834040503e-05
#P1 -0.8900000000000006 -3.0 -0.71798828125 2 0.0 24 1 2300.0
#P2 0 1 1 516 -1 1000.0 2147483647.0 0.0
#P3 0 0 0 1556 4929.9990905483755 0.0 25.808437499999997 11.235281249999998
#P4 0.06485081585081587 0.0295 3.906075 -21.0 -0.01 3.906075 3.9 3.9
#P5 19.95 0.60665 2.0 1.6066500000000001 -0.3933500000000001 22.95 21.45 3.0
#P6 19.45 -10.084000000000001 3.9999999999999964 -8.084000000000003 -12.084 23.450000000000003 21.450000000000003 4.0000000000000036
#P7 -0.160000000000025 0.38572000000000006 1.0 1.7031499999999995 0.4837600000000002 0.38651499999999994 0.8000000000000007 -0.09999999999999787
#P8 3.552713678800501e-15 0.20000000000000995 0.10000000000000853 -0.10000000000000142 0.09999999999999432 -1.7763568394002505e-15 0.19999999999999218 -2.043199999999999
#P9 -0.5645000000000024 4.0 1.4354999999999976 -2.5645000000000024 1.9567999999999977 -0.04320000000000057 3.9999999999999964 6.083441734313965
#P10 4880.03271484375 14.779999732971191 1 0.0 0.0
#N 13
#L Pt_No  omega  eh_c01  eh_t01  sl_mon_b_vol  sl_mon_t_vol  lmbd_countsroi1  lmbd_countsroi1_atten  lmbd_countsroi2  lmbd_countsroi2_atten  lmbd_countsroi3  lmbd_countsroi3_atten  dt
0 14.931684375000003 7312.0 0.5 0.029765625 0.035 113.0 113.0 806.0 806.0 195.0 195.0 0.5474545955657959
1 14.932740625000008 7213.0 0.5 0.033125 0.033828125 119.0 119.0 657.0 657.0 196.0 196.0 1.1311907768249512
2 14.933840625000009 7124.0 0.5 0.02921875 0.033515625 167.0 167.0 629.0 629.0 183.0 183.0 1.6755530834197998
3 14.934843750000006 7085.0 0.5 0.033515625 0.034765625 166.0 166.0 690.0 690.0 190.0 190.0 2.212357759475708
4 14.935837500000005 7250.0 0.5 0.032265625 0.033125 212.0 212.0 670.0 670.0 200.0 200.0 2.778256416320801
5 14.937040625000002 7271.0 0.5 0.031875 0.033984375000000004 272.0 272.0 798.0 798.0 208.0 208.0 3.389850616455078
6 14.938034375000008 6980.0 0.5 0.033203125 0.034140625 327.0 327.0 898.0 898.0 206.0 206.0 3.9272711277008057
7 14.939237500000004 7140.0 0.5 0.0325 0.032265625 426.0 426.0 1075.0 1075.0 208.0 208.0 4.501846790313721
8 14.940243750000008 7216.0 0.5 0.0334375 0.033671875000000004 571.0 571.0 1200.0 1200.0 226.0 226.0 5.051197052001953
9 14.941450000000003 7142.0 0.5 0.0325 0.0321875 712.0 712.0 1389.0 1389.0 198.0 198.0 5.663549900054932
10 14.942456250000006 7140.0 0.5 0.033828125 0.032265625 964.0 964.0 1731.0 1731.0 191.0 191.0 6.256969690322876
11 14.943684375000004 7320.0 0.5 0.032265625 0.034140625 1401.0 1401.0 2278.0 2278.0 193.0 193.0 6.846170663833618
12 14.944790625000003 7296.0 0.5 0.032890625 0.032734375 2419.0 2419.0 3458.0 3458.0 206.0 206.0 7.429209232330322
13 14.945912500000006 7222.0 0.5 0.030546875 0.034453125 3328.0 3328.0 4282.0 4282.0 204.0 204.0 8.032516479492188
14 14.947134375000005 6986.0 0.5 0.031406250000000004 0.034375 5153.0 5153.0 6109.0 6109.0 192.0 192.0 8.651291847229004
15 14.948118750000006 7191.0 0.5 0.0321875 0.033515625 8400.0 8400.0 9269.0 9269.0 171.0 171.0 9.202373743057251
16 14.949296875000009 7033.0 0.5 0.03453125 0.033984375000000004 12883.0 12883.0 13644.0 13644.0 203.0 203.0 9.762858152389526
17 14.950484375000002 6964.0 0.5 0.0328125 0.032734375 14643.0 14643.0 15217.0 15217.0 201.0 201.0 10.372105360031128
18 14.951584375000003 7085.0 0.5 0.0315625 0.033203125 11087.0 11087.0 11573.0 11573.0 223.0 223.0 10.991557121276855
19 14.952703125000006 7218.0 0.5 0.031015625 0.03546875 6767.0 6767.0 7224.0 7224.0 199.0 199.0 11.579070091247559
20 14.953996875000009 7276.0 0.5 0.03296875 0.034296875 3799.0 3799.0 4205.0 4205.0 194.0 194.0 12.239278793334961
21 14.955084375000006 7185.0 0.5 0.031328125 0.03484375 2473.0 2473.0 2851.0 2851.0 167.0 167.0 12.81162977218628
22 14.95630937500001 7081.0 0.5 0.031796875 0.034609375 1696.0 1696.0 2073.0 2073.0 216.0 216.0 13.424325942993164
23 14.957418750000002 7174.0 0.5 0.032734375 0.033203125 1267.0 1267.0 1588.0 1588.0 200.0 200.0 14.030916452407837
24 14.958509375000006 7132.0 0.5 0.03328125 0.034140625 981.0 981.0 1306.0 1306.0 195.0 195.0 14.635671615600586
25 14.959703125000004 7240.0 0.5 0.03296875 0.033046875 802.0 802.0 1056.0 1056.0 173.0 173.0 15.208102226257324
26 14.960881250000007 7231.0 0.5 0.033359375000000004 0.033671875000000004 649.0 649.0 924.0 924.0 211.0 211.0 15.814531326293945
27 14.962293750000008 7111.0 0.5 0.032421875 0.033828125 480.0 480.0 769.0 769.0 208.0 208.0 16.573234796524048
28 14.96338750000001 7093.0 0.5 0.034296875 0.031640625 401.0 401.0 645.0 645.0 190.0 190.0 17.159017324447632
29 14.964496875000002 7149.0 0.5 0.034296875 0.0340625 359.0 359.0 624.0 624.0 203.0 203.0 17.73602604866028
30 14.965500000000006 7183.0 0.5 0.03265625 0.03375 334.0 334.0 623.0 623.0 208.0 208.0 18.304516553878784
31 14.96670312500001 7133.0 0.5 0.033359375000000004 0.03296875 303.0 303.0 543.0 543.0 206.0 206.0 18.87491726875305
32 14.967837500000002 7053.0 0.5 0.034296875 0.0315625 248.0 248.0 490.0 490.0 191.0 191.0 19.480241775512695
33 14.968940625000009 7113.0 0.5 0.03375 0.03234375 231.0 231.0 487.0 487.0 211.0 211.0 20.086453676223755
34 14.970143750000005 7156.0 0.5 0.03515625 0.031796875 222.0 222.0 513.0 513.0 237.0 237.0 20.684563875198364
35 14.970931250000007 7232.0 0.5 0.032734375 0.033359375000000004 170.0 170.0 430.0 430.0 222.0 222.0 21.29297947883606
