#S 13578 ascan omega 14.8313 14.8713 40 0.5
#U p23user
#D Sun Jun 13 12:46:35 2021
#C Acquisition started at Sun Jun 13 12:46:35 2021
#O0 atten  attenpos  avg_beamcurrent  dcm_exitoffset  dcmbragg  diffractometer_h  diffractometer_k  diffractometer_l
#O1 gx  gy  gz  lmbd_compressionrate  lmbd_delaytime  lmbd_depth  lmbd_distortioncorrection  lmbd_energythreshold
#O2 lmbd_filestartnum  lmbd_framenumbers  lmbd_framesperfile  lmbd_height  lmbd_latestimagenumber  lmbd_shuttertime  lmbd_shuttertimemax  lmbd_shuttertimemin
#O3 lmbd_threadno  lmbd_totallossframes  lmbd_triggermode  lmbd_width  mnchrmtr  mono1roll  mono2par  mono2perp
#O4 mono2pitch  mono2roll  mono_height  monotrans  monoyaw  monoz1  monoz2  monoz3
#O5 ohsl1b  ohsl1h  ohsl1hgap  ohsl1l  ohsl1r  ohsl1t  ohsl1v  ohsl1vgap
#O6 ohsl2b  ohsl2h  ohsl2hgap  ohsl2l  ohsl2r  ohsl2t  ohsl2v  ohsl2vgap
#O7 phi  ps1v  ps1vg  ps2l  ps2r  ps2v  ps2vg  sl3b
#O8 sl3h  sl3hgap  sl3l  sl3r  sl3t  sl3v  sl3vgap  sl4b
#O9 sl4h  sl4hgap  sl4l  sl4r  sl4t  sl4v  sl4vgap  source_energy
#O10 und_en  undulator_gap  undulator_harmonic  undulator_phase  undulator_taper
#P0 1.0 0.0 94.81519317626953 20.7 23.481005191556367 1.0000007697126234 4.4339874235996804e-08 8.994572543235765e-05
#P1 -0.8900000000000006 -3.0 -0.71798828125 2 0.0 24 1 2300.0
#P2 0 1 1 516 -1 1000.0 2147483647.0 0.0
#P3 0 0 0 1556 4961.9992453291225 0.0 25.976 11.220968749999997
#P4 0.06485081585081587 0.0295 3.906075 -21.0 -0.01 3.906075 3.9 3.9
#P5 19.95 0.60665 2.0 1.6066500000000001 -0.3933500000000001 22.95 21.45 3.0
#P6 19.45 -10.084000000000001 3.9999999999999964 -8.084000000000003 -12.084 23.450000000000003 21.450000000000003 4.0000000000000036
#P7 -0.160000000000025 0.38572000000000006 1.0 1.7031499999999995 0.4837600000000002 0.38651499999999994 0.8000000000000007 -0.09999999999999787
#P8 3.552713678800501e-15 0.20000000000000995 0.10000000000000853 -0.10000000000000142 0.09999999999999432 -1.7763568394002505e-15 0.19999999999999218 -2.043199999999999
#P9 -0.5645000000000024 4.0 1.4354999999999976 -2.5645000000000024 1.9567999999999977 -0.04320000000000057 3.9999999999999964 6.083441734313965
#P10 4912.09716796875 14.836999893188477 1 0.0 0.0
#N 13
#L Pt_No  omega  eh_c01  eh_t01  sl_mon_b_vol  sl_mon_t_vol  lmbd_countsroi1  lmbd_countsroi1_atten  lmbd_countsroi2  lmbd_countsroi2_atten  lmbd_countsroi3  lmbd_countsroi3_atten  dt
0 14.83168125000001 7840.0 0.5 0.03640625 0.034375 177.0 177.0 934.0 934.0 215.0 215.0 0.5335936546325684
1 14.83261562500001 8105.0 0.5 0.034296875 0.03265625 242.0 242.0 967.0 967.0 230.0 230.0 1.0808649063110352
2 14.833840625 7821.0 0.5 0.0346875 0.03359375 252.0 252.0 1002.0 1002.0 222.0 222.0 1.6850414276123047
3 14.83505000000001 7770.0 0.5 0.032890625 0.033203125 341.0 341.0 1142.0 1142.0 200.0 200.0 2.3031437397003174
4 14.836050000000007 7732.0 0.5 0.03546875 0.033671875000000004 443.0 443.0 1208.0 1208.0 241.0 241.0 2.8740172386169434
5 14.837243750000006 7948.0 0.5 0.03515625 0.03265625 545.0 545.0 1501.0 1501.0 205.0 205.0 3.4827301502227783
6 14.838434375000006 7833.0 0.5 0.03359375 0.03484375 666.0 666.0 1637.0 1637.0 211.0 211.0 4.118377923965454
7 14.83963437500001 7803.0 0.5 0.034453125 0.03546875 848.0 848.0 1881.0 1881.0 229.0 229.0 4.7168543338775635
8 14.84065625000001 7813.0 0.5 0.033359375000000004 0.0328125 1118.0 1118.0 2169.0 2169.0 244.0 244.0 5.28516411781311
9 14.841862500000005 7999.0 0.5 0.032109375 0.033671875000000004 1421.0 1421.0 2565.0 2565.0 192.0 192.0 5.893129348754883
10 14.843059375000003 7822.0 0.5 0.034609375 0.035 1935.0 1935.0 3247.0 3247.0 230.0 230.0 6.496487617492676
11 14.844256250000008 7925.0 0.5 0.033828125 0.034375 3228.0 3228.0 4704.0 4704.0 237.0 237.0 7.135261535644531
12 14.8453625 7860.0 0.5 0.034296875 0.033515625 4743.0 4743.0 6245.0 6245.0 234.0 234.0 7.734562873840332
13 14.846465625000008 7938.0 0.5 0.03328125 0.0346875 6920.0 6920.0 8390.0 8390.0 254.0 254.0 8.306413888931274
14 14.84768125 7888.0 0.5 0.031718750000000004 0.035546875 11614.0 11614.0 12918.0 12918.0 238.0 238.0 8.92473292350769
15 14.848709375000006 7860.0 0.5 0.032265625 0.0346875 18833.0 18833.0 19955.0 19955.0 233.0 233.0 9.498007535934448
16 14.849903125000004 7790.0 0.5 0.032890625 0.034140625 24349.0 24349.0 25303.0 25303.0 260.0 260.0 10.082694053649902
17 14.851093750000004 7822.0 0.5 0.03390625 0.034609375 22978.0 22978.0 23672.0 23672.0 235.0 235.0 10.689611911773682
18 14.852303125000006 7823.0 0.5 0.033671875000000004 0.033046875 15133.0 15133.0 15775.0 15775.0 224.0 224.0 11.347296237945557
19 14.853496875000005 7935.0 0.5 0.033671875000000004 0.03328125 9105.0 9105.0 9722.0 9722.0 242.0 242.0 11.954732656478882
20 14.854681250000006 8009.0 0.5 0.0334375 0.033046875 5557.0 5557.0 6058.0 6058.0 224.0 224.0 12.593292236328125
21 14.855878125000004 7877.0 0.5 0.033125 0.033203125 3852.0 3852.0 4337.0 4337.0 225.0 225.0 13.196034908294678
22 14.857003125000006 7975.0 0.5 0.03359375 0.03359375 2568.0 2568.0 3035.0 3035.0 222.0 222.0 13.82179069519043
23 14.858109375000005 7771.0 0.5 0.033828125 0.03421875 2062.0 2062.0 2449.0 2449.0 213.0 213.0 14.391947746276855
24 14.859312500000001 7763.0 0.5 0.036484375 0.034296875 1570.0 1570.0 1930.0 1930.0 230.0 230.0 15.057856559753418
25 14.860512499999999 8053.0 0.5 0.034375 0.03328125 1253.0 1253.0 1664.0 1664.0 238.0 238.0 15.633764743804932
26 14.861725000000007 7853.0 0.5 0.0334375 0.033359375000000004 1027.0 1027.0 1401.0 1401.0 234.0 234.0 16.265475749969482
27 14.862728125000004 7764.0 0.5 0.03265625 0.032578125 876.0 876.0 1247.0 1247.0 235.0 235.0 16.845481634140015
28 14.863931250000007 7713.0 0.5 0.032890625 0.034140625 783.0 783.0 1088.0 1088.0 210.0 210.0 17.448894500732422
29 14.865037500000007 7908.0 0.5 0.035234375 0.032265625 680.0 680.0 1036.0 1036.0 239.0 239.0 18.01555871963501
30 14.866137500000008 7834.0 0.5 0.035078125 0.03578125 516.0 516.0 827.0 827.0 226.0 226.0 18.598255395889282
31 14.867234375000002 7774.0 0.5 0.03328125 0.03375 526.0 526.0 838.0 838.0 235.0 235.0 19.177969217300415
32 14.868334375000003 7814.0 0.5 0.035625000000000004 0.03328125 431.0 431.0 820.0 820.0 229.0 229.0 19.776076793670654
33 14.869521875000004 7793.0 0.5 0.033046875 0.035859375 421.0 421.0 783.0 783.0 194.0 194.0 20.368187427520752
34 14.87060312500001 7850.0 0.5 0.035 0.033359375000000004 308.0 308.0 665.0 665.0 232.0 232.0 20.943631887435913
