#S 13582 ascan omega 14.8189 14.8589 40 0.5
#U p23user
#D Sun Jun 13 12:49:11 2021
#C Acquisition started at Sun Jun 13 12:49:11 2021
#O0 atten  attenpos  avg_beamcurrent  dcm_exitoffset  dcmbragg  diffractometer_h  diffractometer_k  diffractometer_l
#O1 gx  gy  gz  lmbd_compressionrate  lmbd_delaytime  lmbd_depth  lmbd_distortioncorrection  lmbd_energythreshold
#O2 lmbd_filestartnum  lmbd_framenumbers  lmbd_framesperfile  lmbd_height  lmbd_latestimagenumber  lmbd_shuttertime  lmbd_shuttertimemax  lmbd_shuttertimemin
#O3 lmbd_threadno  lmbd_totallossframes  lmbd_triggermode  lmbd_width  mnchrmtr  mono1roll  mono2par  mono2perp
#O4 mono2pitch  mono2roll  mono_height  monotrans  monoyaw  monoz1  monoz2  monoz3
#O5 ohsl1b  ohsl1h  ohsl1hgap  ohsl1l  ohsl1r  ohsl1t  ohsl1v  ohsl1vgap
#O6 ohsl2b  ohsl2h  ohsl2hgap  ohsl2l  ohsl2r  ohsl2t  ohsl2v  ohsl2vgap
#O7 phi  ps1v  ps1vg  ps2l  ps2r  ps2v  ps2vg  sl3b
#O8 sl3h  sl3hgap  sl3l  sl3r  sl3t  sl3v  sl3vgap  sl4b
#O9 sl4h  sl4hgap  sl4l  sl4r  sl4t  sl4v  sl4vgap  source_energy
#O10 und_en  undulator_gap  undulator_harmonic  undulator_phase  undulator_taper
#P0 1.0 0.0 94.09565734863281 20.7 23.46096341373701 1.0000013170956674 4.924541953969027e-08 9.011843151882282e-05
#P1 -0.8900000000000006 -3.0 -0.71798828125 2 0.0 24 1 2300.0
#P2 0 1 1 516 -1 1000.0 2147483647.0 0.0
#P3 0 0 0 1556 4966.000873673361 0.0 25.996937499999987 11.219187499999999
#P4 0.06485081585081587 0.0295 3.906075 -21.0 -0.01 3.906075 3.9 3.9
#P5 19.95 0.60665 2.0 1.6066500000000001 -0.3933500000000001 22.95 21.45 3.0
#P6 19.45 -10.084000000000001 3.9999999999999964 -8.084000000000003 -12.084 23.450000000000003 21.450000000000003 4.0000000000000036
#P7 -0.160000000000025 0.38572000000000006 1.0 1.7031499999999995 0.4837600000000002 0.38651499999999994 0.8000000000000007 -0.09999999999999787
#P8 3.552713678800501e-15 0.20000000000000995 0.10000000000000853 -0.10000000000000142 0.09999999999999432 -1.7763568394002505e-15 0.19999999999999218 -2.043199999999999
#P9 -0.5645000000000024 4.0 1.4354999999999976 -2.5645000000000024 1.9567999999999977 -0.04320000000000057 3.9999999999999964 6.083441734313965
#P10 4916.03662109375 14.843999862670898 1 0.0 0.0
#N 13
#L Pt_No  omega  eh_c01  eh_t01  sl_mon_b_vol  sl_mon_t_vol  lmbd_countsroi1  lmbd_countsroi1_atten  lmbd_countsroi2  lmbd_countsroi2_atten  lmbd_countsroi3  lmbd_countsroi3_atten  dt
0 14.819250000000004 8045.0 0.5 0.034296875 0.034375 375.0 375.0 1630.0 1630.0 250.0 250.0 0.5555188655853271
1 14.82027187500001 8086.0 0.5 0.03390625 0.033359375000000004 446.0 446.0 1656.0 1656.0 211.0 211.0 1.118765115737915
2 14.82129375000001 7907.0 0.5 0.03546875 0.032421875 531.0 531.0 1709.0 1709.0 229.0 229.0 1.6574711799621582
3 14.822321875000007 7959.0 0.5 0.03484375 0.0340625 583.0 583.0 1949.0 1949.0 205.0 205.0 2.196584701538086
4 14.823512500000007 8019.0 0.5 0.034921875 0.032578125 754.0 754.0 2219.0 2219.0 218.0 218.0 2.823883533477783
5 14.824712500000004 7968.0 0.5 0.03515625 0.034140625 974.0 974.0 2440.0 2440.0 227.0 227.0 3.45157527923584
6 14.825809375000006 8048.0 0.5 0.033984375000000004 0.035078125 1131.0 1131.0 2636.0 2636.0 263.0 263.0 4.027172803878784
7 14.827009375000003 8172.0 0.5 0.03484375 0.034765625 1560.0 1560.0 3183.0 3183.0 230.0 230.0 4.655162811279297
8 14.828375000000001 8069.0 0.5 0.034296875 0.033671875000000004 2104.0 2104.0 3804.0 3804.0 237.0 237.0 5.348148584365845
9 14.82967187500001 8134.0 0.5 0.035390625 0.033828125 2909.0 2909.0 4943.0 4943.0 232.0 232.0 6.043527126312256
10 14.830990625000005 8088.0 0.5 0.035 0.0328125 4345.0 4345.0 6614.0 6614.0 216.0 216.0 6.752226829528809
11 14.832081250000002 7866.0 0.5 0.034453125 0.03265625 6636.0 6636.0 9149.0 9149.0 225.0 225.0 7.309744358062744
12 14.833171875000005 8061.0 0.5 0.033828125 0.0321875 9845.0 9845.0 12359.0 12359.0 229.0 229.0 7.897498846054077
13 14.834381250000007 7927.0 0.5 0.033671875000000004 0.033046875 15658.0 15658.0 18057.0 18057.0 218.0 218.0 8.502248048782349
14 14.835584375000003 8036.0 0.5 0.03375 0.032890625 26477.0 26477.0 28555.0 28555.0 209.0 209.0 9.109545230865479
15 14.836578125000003 7933.0 0.5 0.03484375 0.03125 39908.0 39908.0 41570.0 41570.0 224.0 224.0 9.67822527885437
16 14.837790625000004 8103.0 0.5 0.03515625 0.032265625 47191.0 47191.0 48546.0 48546.0 249.0 249.0 10.252362728118896
17 14.838903125000002 8004.0 0.5 0.036640625 0.034296875 38399.0 38399.0 39560.0 39560.0 245.0 245.0 10.875645637512207
18 14.840003125000003 8077.0 0.5 0.0325 0.033359375000000004 25219.0 25219.0 26160.0 26160.0 239.0 239.0 11.431656122207642
19 14.841184375000005 8049.0 0.5 0.034375 0.033125 15524.0 15524.0 16371.0 16371.0 204.0 204.0 12.039629459381104
20 14.842375000000004 7988.0 0.5 0.0340625 0.031171875 9657.0 9657.0 10474.0 10474.0 263.0 263.0 12.657957077026367
21 14.843493750000007 8121.0 0.5 0.03296875 0.0325 6649.0 6649.0 7388.0 7388.0 242.0 242.0 13.284941673278809
22 14.844796875000007 7918.0 0.5 0.035078125 0.034140625 4634.0 4634.0 5199.0 5199.0 241.0 241.0 13.920643091201782
23 14.845996875000004 7951.0 0.5 0.036484375 0.0346875 3652.0 3652.0 4191.0 4191.0 216.0 216.0 14.550431489944458
24 14.847115625000008 8086.0 0.5 0.032890625 0.034375 2763.0 2763.0 3281.0 3281.0 259.0 259.0 15.158385992050171
25 14.848215625000002 8095.0 0.5 0.035390625 0.032578125 2329.0 2329.0 2816.0 2816.0 233.0 233.0 15.741688013076782
26 14.849440625000007 7961.0 0.5 0.03296875 0.034765625 1896.0 1896.0 2408.0 2408.0 251.0 251.0 16.360930681228638
27 14.850550000000005 8184.0 0.5 0.034296875 0.0325 1530.0 1530.0 2015.0 2015.0 228.0 228.0 16.96087622642517
28 14.851653125000006 7971.0 0.5 0.032421875 0.03390625 1356.0 1356.0 1818.0 1818.0 234.0 234.0 17.561648845672607
29 14.852850000000004 8020.0 0.5 0.035937500000000004 0.03390625 1129.0 1129.0 1628.0 1628.0 213.0 213.0 18.166956424713135
30 14.854281250000007 8049.0 0.5 0.03328125 0.033984375000000004 952.0 952.0 1395.0 1395.0 253.0 253.0 18.883664846420288
31 14.855275000000006 8070.0 0.5 0.035312500000000004 0.035625000000000004 884.0 884.0 1289.0 1289.0 229.0 229.0 19.448476552963257
32 14.856462500000006 8166.0 0.5 0.034609375 0.03328125 717.0 717.0 1184.0 1184.0 226.0 226.0 20.045048713684082
33 14.857646875000007 8083.0 0.5 0.033984375000000004 0.034453125 680.0 680.0 1135.0 1135.0 201.0 201.0 20.651044368743896
34 14.858656250000003 7851.0 0.5 0.035312500000000004 0.033515625 627.0 627.0 1110.0 1110.0 217.0 217.0 21.310065984725952
