#S 13586 ascan omega 14.8065 14.8465 40 0.5
#U p23user
#D Sun Jun 13 12:51:46 2021
#C Acquisition started at Sun Jun 13 12:51:46 2021
#O0 atten  attenpos  avg_beamcurrent  dcm_exitoffset  dcmbragg  diffractometer_h  diffractometer_k  diffractometer_l
#O1 gx  gy  gz  lmbd_compressionrate  lmbd_delaytime  lmbd_depth  lmbd_distortioncorrection  lmbd_energythreshold
#O2 lmbd_filestartnum  lmbd_framenumbers  lmbd_framesperfile  lmbd_height  lmbd_latestimagenumber  lmbd_shuttertime  lmbd_shuttertimemax  lmbd_shuttertimemin
#O3 lmbd_threadno  lmbd_totallossframes  lmbd_triggermode  lmbd_width  mnchrmtr  mono1roll  mono2par  mono2perp
#O4 mono2pitch  mono2roll  mono_height  monotrans  monoyaw  monoz1  monoz2  monoz3
#O5 ohsl1b  ohsl1h  ohsl1hgap  ohsl1l  ohsl1r  ohsl1t  ohsl1v  ohsl1vgap
#O6 ohsl2b  ohsl2h  ohsl2hgap  ohsl2l  ohsl2r  ohsl2t  ohsl2v  ohsl2vgap
#O7 phi  ps1v  ps1vg  ps2l  ps2r  ps2v  ps2vg  sl3b
#O8 sl3h  sl3hgap  sl3l  sl3r  sl3t  sl3v  sl3vgap  sl4b
#O9 sl4h  sl4hgap  sl4l  sl4r  sl4t  sl4v  sl4vgap  source_energy
#O10 und_en  undulator_gap  undulator_harmonic  undulator_phase  undulator_taper
#P0 1.0 0.0 94.38761138916016 20.7 23.44094643107771 1.0000014131837696 4.4339923889324214e-08 8.994579189233858e-05
#P1 -0.8900000000000006 -3.0 -0.71798828125 2 0.0 24 1 2300.0
#P2 0 1 1 516 -1 1000.0 2147483647.0 0.0
#P3 0 0 0 1556 4969.999461633879 0.0 26.01787499999999 11.217437499999999
#P4 0.06485081585081587 0.0295 3.906075 -21.0 -0.01 3.906075 3.9 3.9
#P5 19.95 0.60665 2.0 1.6066500000000001 -0.3933500000000001 22.95 21.45 3.0
#P6 19.45 -10.084000000000001 3.9999999999999964 -8.084000000000003 -12.084 23.450000000000003 21.450000000000003 4.0000000000000036
#P7 -0.160000000000025 0.38572000000000006 1.0 1.7031499999999995 0.4837600000000002 0.38651499999999994 0.8000000000000007 -0.09999999999999787
#P8 3.552713678800501e-15 0.20000000000000995 0.10000000000000853 -0.10000000000000142 0.09999999999999432 -1.7763568394002505e-15 0.19999999999999218 -2.043199999999999
#P9 -0.5645000000000024 4.0 1.4354999999999976 -2.5645000000000024 1.9567999999999977 -0.04320000000000057 3.9999999999999964 6.083441734313965
#P10 4919.97705078125 14.85099983215332 1 0.0 0.0
#N 13
#L Pt_No  omega  eh_c01  eh_t01  sl_mon_b_vol  sl_mon_t_vol  lmbd_countsroi1  lmbd_countsroi1_atten  lmbd_countsroi2  lmbd_countsroi2_atten  lmbd_countsroi3  lmbd_countsroi3_atten  dt
0 14.806906250000004 8079.0 0.5 0.035234375 0.035312500000000004 231.0 231.0 1061.0 1061.0 238.0 238.0 0.52484130859375
1 14.807862500000006 8133.0 0.5 0.0334375 0.035234375 251.0 251.0 998.0 998.0 235.0 235.0 1.0915625095367432
2 14.809078125000006 7917.0 0.5 0.035937500000000004 0.034140625 336.0 336.0 1094.0 1094.0 220.0 220.0 1.704484224319458
3 14.810271875000005 8146.0 0.5 0.035703125 0.0328125 383.0 383.0 1243.0 1243.0 227.0 227.0 2.3619415760040283
4 14.811659375000005 8132.0 0.5 0.03421875 0.033828125 498.0 498.0 1376.0 1376.0 218.0 218.0 3.0282983779907227
5 14.812850000000005 7971.0 0.5 0.03453125 0.032578125 664.0 664.0 1755.0 1755.0 224.0 224.0 3.6610867977142334
6 14.813846875000003 8055.0 0.5 0.034609375 0.0328125 818.0 818.0 1797.0 1797.0 240.0 240.0 4.2131733894348145
7 14.815053124999999 8196.0 0.5 0.035625000000000004 0.033203125 997.0 997.0 2117.0 2117.0 215.0 215.0 4.847071647644043
8 14.816065625 8223.0 0.5 0.03375 0.03421875 1256.0 1256.0 2437.0 2437.0 216.0 216.0 5.40150260925293
9 14.81727187500001 8124.0 0.5 0.03265625 0.0334375 1729.0 1729.0 3042.0 3042.0 212.0 212.0 5.966189384460449
10 14.818487500000003 8263.0 0.5 0.031953125 0.03328125 2496.0 2496.0 4023.0 4023.0 213.0 213.0 6.606839418411255
11 14.819693750000006 7921.0 0.5 0.033984375000000004 0.033671875000000004 3834.0 3834.0 5555.0 5555.0 206.0 206.0 7.241852760314941
12 14.820693750000004 8158.0 0.5 0.035546875 0.034296875 5449.0 5449.0 7016.0 7016.0 222.0 222.0 7.805998802185059
13 14.821821875000005 8204.0 0.5 0.034375 0.03375 8008.0 8008.0 9581.0 9581.0 207.0 207.0 8.369656562805176
14 14.823106250000002 8008.0 0.5 0.03546875 0.034140625 14635.0 14635.0 15998.0 15998.0 250.0 250.0 9.067432880401611
15 14.824284375000005 8223.0 0.5 0.03515625 0.033203125 22535.0 22535.0 23697.0 23697.0 202.0 202.0 9.646022319793701
16 14.825578125000007 7948.0 0.5 0.033125 0.0321875 27491.0 27491.0 28381.0 28381.0 248.0 248.0 10.343091249465942
17 14.826671875000002 8058.0 0.5 0.034140625 0.03390625 21966.0 21966.0 22721.0 22721.0 227.0 227.0 10.95372486114502
18 14.828050000000005 8110.0 0.5 0.033046875 0.035078125 13274.0 13274.0 13861.0 13861.0 265.0 265.0 11.600448846817017
19 14.829065625000005 8171.0 0.5 0.035 0.033671875000000004 8564.0 8564.0 9133.0 9133.0 234.0 234.0 12.150680303573608
20 14.830275000000007 8035.0 0.5 0.0334375 0.03484375 5533.0 5533.0 6012.0 6012.0 230.0 230.0 12.799132347106934
21 14.831271875000006 8104.0 0.5 0.03453125 0.03359375 3758.0 3758.0 4254.0 4254.0 224.0 224.0 13.345825910568237
22 14.832709375000007 8168.0 0.5 0.034453125 0.033046875 2697.0 2697.0 3104.0 3104.0 214.0 214.0 14.023667812347412
23 14.833718750000003 8171.0 0.5 0.03375 0.034296875 2082.0 2082.0 2481.0 2481.0 254.0 254.0 14.572271823883057
24 14.83493437500001 7902.0 0.5 0.03578125 0.03421875 1571.0 1571.0 1973.0 1973.0 216.0 216.0 15.231441736221313
25 14.836050000000007 8100.0 0.5 0.034296875 0.034140625 1310.0 1310.0 1678.0 1678.0 228.0 228.0 15.826210021972656
26 14.837350000000008 8051.0 0.5 0.033359375000000004 0.035078125 1065.0 1065.0 1431.0 1431.0 236.0 236.0 16.51128363609314
27 14.838653125 8052.0 0.5 0.034921875 0.034921875 842.0 842.0 1267.0 1267.0 247.0 247.0 17.180751085281372
28 14.839934375000006 8139.0 0.5 0.035234375 0.03390625 701.0 701.0 1060.0 1060.0 237.0 237.0 17.81950855255127
29 14.841131250000004 8279.0 0.5 0.03359375 0.0340625 663.0 663.0 1058.0 1058.0 245.0 245.0 18.438286542892456
30 14.842234375000004 8130.0 0.5 0.036015625 0.0334375 540.0 540.0 960.0 960.0 254.0 254.0 19.04301118850708
31 14.843334375000005 8210.0 0.5 0.033203125 0.0340625 521.0 521.0 909.0 909.0 234.0 234.0 19.602859497070312
32 14.844337500000009 8223.0 0.5 0.033359375000000004 0.03265625 420.0 420.0 817.0 817.0 227.0 227.0 20.156241416931152
33 14.845515625000004 8146.0 0.5 0.03453125 0.03484375 422.0 422.0 769.0 769.0 235.0 235.0 20.828413248062134
