#S 13593 ascan omega 14.7849 14.8249 40 0.5
#U p23user
#D Sun Jun 13 12:56:16 2021
#C Acquisition started at Sun Jun 13 12:56:16 2021
#O0 atten  attenpos  avg_beamcurrent  dcm_exitoffset  dcmbragg  diffractometer_h  diffractometer_k  diffractometer_l
#O1 gx  gy  gz  lmbd_compressionrate  lmbd_delaytime  lmbd_depth  lmbd_distortioncorrection  lmbd_energythreshold
#O2 lmbd_filestartnum  lmbd_framenumbers  lmbd_framesperfile  lmbd_height  lmbd_latestimagenumber  lmbd_shuttertime  lmbd_shuttertimemax  lmbd_shuttertimemin
#O3 lmbd_threadno  lmbd_totallossframes  lmbd_triggermode  lmbd_width  mnchrmtr  mono1roll  mono2par  mono2perp
#O4 mono2pitch  mono2roll  mono_height  monotrans  monoyaw  monoz1  monoz2  monoz3
#O5 ohsl1b  ohsl1h  ohsl1hgap  ohsl1l  ohsl1r  ohsl1t  ohsl1v  ohsl1vgap
#O6 ohsl2b  ohsl2h  ohsl2hgap  ohsl2l  ohsl2r  ohsl2t  ohsl2v  ohsl2vgap
#O7 phi  ps1v  ps1vg  ps2l  ps2r  ps2v  ps2vg  sl3b
#O8 sl3h  sl3hgap  sl3l  sl3r  sl3t  sl3v  sl3vgap  sl4b
#O9 sl4h  sl4hgap  sl4l  sl4r  sl4t  sl4v  sl4vgap  source_energy
#O10 und_en  undulator_gap  undulator_harmonic  undulator_phase  undulator_taper
#P0 1.0 0.0 94.58464050292969 20.7 23.406011586852667 1.000002016423797 4.433995073383355e-08 8.994590640954831e-05
#P1 -0.8900000000000006 -3.0 -0.71798828125 2 0.0 24 1 2300.0
#P2 0 1 1 516 -1 1000.0 2147483647.0 0.0
#P3 0 0 0 1556 4977.000717692892 0.0 26.05449999999999 11.214374999999999
#P4 0.06485081585081587 0.0295 3.906075 -21.0 -0.01 3.906075 3.9 3.9
#P5 19.95 0.60665 2.0 1.6066500000000001 -0.3933500000000001 22.95 21.45 3.0
#P6 19.45 -10.084000000000001 3.9999999999999964 -8.084000000000003 -12.084 23.450000000000003 21.450000000000003 4.0000000000000036
#P7 -0.160000000000025 0.38572000000000006 1.0 1.7031499999999995 0.4837600000000002 0.38651499999999994 0.8000000000000007 -0.09999999999999787
#P8 3.552713678800501e-15 0.20000000000000995 0.10000000000000853 -0.10000000000000142 0.09999999999999432 -1.7763568394002505e-15 0.19999999999999218 -2.043199999999999
#P9 -0.5645000000000024 4.0 1.4354999999999976 -2.5645000000000024 1.9567999999999977 -0.04320000000000057 3.9999999999999964 6.083469867706299
#P10 4926.732421875 14.86299991607666 1 0.0 0.0
#N 13
#L Pt_No  omega  eh_c01  eh_t01  sl_mon_b_vol  sl_mon_t_vol  lmbd_countsroi1  lmbd_countsroi1_atten  lmbd_countsroi2  lmbd_countsroi2_atten  lmbd_countsroi3  lmbd_countsroi3_atten  dt
0 14.785309375000004 8406.0 0.5 0.034296875 0.034765625 40.0 40.0 389.0 389.0 248.0 248.0 0.5193755626678467
1 14.786378125000006 8196.0 0.5 0.033515625 0.033046875 51.0 51.0 303.0 303.0 233.0 233.0 1.1152782440185547
2 14.787481250000006 8047.0 0.5 0.032734375 0.033203125 77.0 77.0 365.0 365.0 236.0 236.0 1.6685373783111572
3 14.788593750000004 8395.0 0.5 0.03390625 0.03375 62.0 62.0 359.0 359.0 225.0 225.0 2.279111623764038
4 14.789709375000008 8176.0 0.5 0.03625 0.034609375 83.0 83.0 445.0 445.0 222.0 222.0 2.913201332092285
5 14.791009375000009 8417.0 0.5 0.035234375 0.034140625 81.0 81.0 534.0 534.0 234.0 234.0 3.5549492835998535
6 14.792318750000007 8245.0 0.5 0.033046875 0.032578125 136.0 136.0 494.0 494.0 250.0 250.0 4.197968006134033
7 14.793315625000005 8105.0 0.5 0.03453125 0.03359375 173.0 173.0 534.0 534.0 333.0 333.0 4.765072822570801
8 14.794509375000004 8120.0 0.5 0.03453125 0.0340625 247.0 247.0 710.0 710.0 240.0 240.0 5.375826358795166
9 14.795628125000007 8243.0 0.5 0.036796875 0.03375 328.0 328.0 724.0 724.0 214.0 214.0 5.975502252578735
10 14.796734375000007 8297.0 0.5 0.033828125 0.03484375 520.0 520.0 1061.0 1061.0 229.0 229.0 6.580831050872803
11 14.798112500000002 8226.0 0.5 0.033828125 0.033671875000000004 1302.0 1302.0 2060.0 2060.0 220.0 220.0 7.224523067474365
12 14.799109375000008 8298.0 0.5 0.03453125 0.033046875 1577.0 1577.0 2236.0 2236.0 249.0 249.0 7.816163063049316
13 14.800315625000003 8153.0 0.5 0.033671875000000004 0.032265625 1607.0 1607.0 2155.0 2155.0 248.0 248.0 8.430692195892334
14 14.801553125000005 8185.0 0.5 0.0334375 0.03359375 2293.0 2293.0 2733.0 2733.0 253.0 253.0 9.035212516784668
15 14.802656250000005 8169.0 0.5 0.036171875 0.035625000000000004 3508.0 3508.0 3856.0 3856.0 235.0 235.0 9.641238451004028
16 14.803762500000005 8109.0 0.5 0.03359375 0.033515625 4297.0 4297.0 4680.0 4680.0 236.0 236.0 10.205490827560425
17 14.804950000000005 8463.0 0.5 0.03609375 0.0346875 3784.0 3784.0 4063.0 4063.0 236.0 236.0 10.796650648117065
18 14.805940625000005 8226.0 0.5 0.034453125 0.034375 2393.0 2393.0 2726.0 2726.0 249.0 249.0 11.347547054290771
19 14.80702812500001 8259.0 0.5 0.0334375 0.033203125 1504.0 1504.0 1785.0 1785.0 228.0 228.0 11.92672324180603
20 14.808131250000002 8237.0 0.5 0.0334375 0.0334375 948.0 948.0 1228.0 1228.0 243.0 243.0 12.532686471939087
21 14.809340625000004 8377.0 0.5 0.03296875 0.03546875 615.0 615.0 904.0 904.0 227.0 227.0 13.117377996444702
22 14.810346875 8037.0 0.5 0.035078125 0.03453125 466.0 466.0 733.0 733.0 239.0 239.0 13.690558433532715
23 14.811540625000006 8247.0 0.5 0.0340625 0.03328125 309.0 309.0 544.0 544.0 238.0 238.0 14.290278196334839
24 14.812731250000006 8212.0 0.5 0.033984375000000004 0.032890625 289.0 289.0 522.0 522.0 253.0 253.0 14.87745714187622
25 14.813937500000009 8358.0 0.5 0.03390625 0.03390625 211.0 211.0 488.0 488.0 242.0 242.0 15.514054298400879
26 14.814962500000007 8421.0 0.5 0.0328125 0.033828125 208.0 208.0 440.0 440.0 204.0 204.0 16.066330194473267
27 14.815975000000009 8366.0 0.5 0.0328125 0.0340625 152.0 152.0 443.0 443.0 246.0 246.0 16.622921228408813
28 14.817190625000002 8180.0 0.5 0.034453125 0.03328125 135.0 135.0 361.0 361.0 244.0 244.0 17.262386560440063
29 14.818590625000006 8302.0 0.5 0.03265625 0.033828125 123.0 123.0 357.0 357.0 196.0 196.0 17.92592453956604
30 14.819700000000005 8132.0 0.5 0.035 0.033046875 87.0 87.0 376.0 376.0 266.0 266.0 18.55278491973877
31 14.820803125000005 8158.0 0.5 0.035078125 0.033125 81.0 81.0 308.0 308.0 257.0 257.0 19.157098293304443
32 14.821915625000003 8196.0 0.5 0.034375 0.03515625 88.0 88.0 379.0 379.0 238.0 238.0 19.716304540634155
33 14.82304375000001 8154.0 0.5 0.034296875 0.03546875 73.0 73.0 308.0 308.0 241.0 241.0 20.328158140182495
34 14.82423750000001 8263.0 0.5 0.0340625 0.03421875 40.0 40.0 304.0 304.0 266.0 266.0 20.927290201187134
35 14.824975000000002 8128.0 0.5 0.03265625 0.035390625 61.0 61.0 308.0 308.0 235.0 235.0 21.51844596862793
