#S 13590 ascan omega 14.7941 14.8341 40 0.5
#U p23user
#D Sun Jun 13 12:54:20 2021
#C Acquisition started at Sun Jun 13 12:54:20 2021
#O0 atten  attenpos  avg_beamcurrent  dcm_exitoffset  dcmbragg  diffractometer_h  diffractometer_k  diffractometer_l
#O1 gx  gy  gz  lmbd_compressionrate  lmbd_delaytime  lmbd_depth  lmbd_distortioncorrection  lmbd_energythreshold
#O2 lmbd_filestartnum  lmbd_framenumbers  lmbd_framesperfile  lmbd_height  lmbd_latestimagenumber  lmbd_shuttertime  lmbd_shuttertimemax  lmbd_shuttertimemin
#O3 lmbd_threadno  lmbd_totallossframes  lmbd_triggermode  lmbd_width  mnchrmtr  mono1roll  mono2par  mono2perp
#O4 mono2pitch  mono2roll  mono_height  monotrans  monoyaw  monoz1  monoz2  monoz3
#O5 ohsl1b  ohsl1h  ohsl1hgap  ohsl1l  ohsl1r  ohsl1t  ohsl1v  ohsl1vgap
#O6 ohsl2b  ohsl2h  ohsl2hgap  ohsl2l  ohsl2r  ohsl2t  ohsl2v  ohsl2vgap
#O7 phi  ps1v  ps1vg  ps2l  ps2r  ps2v  ps2vg  sl3b
#O8 sl3h  sl3hgap  sl3l  sl3r  sl3t  sl3v  sl3vgap  sl4b
#O9 sl4h  sl4hgap  sl4l  sl4r  sl4t  sl4v  sl4vgap  source_energy
#O10 und_en  undulator_gap  undulator_harmonic  undulator_phase  undulator_taper
#P0 1.0 0.0 94.64453125 20.7 23.420962782545697 1.0000019421754685 4.9245459550827556e-08 9.011849644190188e-05
#P1 -0.8900000000000006 -3.0 -0.71798828125 2 0.0 24 1 2300.0
#P2 0 1 1 516 -1 1000.0 2147483647.0 0.0
#P3 0 0 0 1556 4973.999736477704 0.0 26.03881249999999 11.215687499999998
#P4 0.06485081585081587 0.0295 3.906075 -21.0 -0.01 3.906075 3.9 3.9
#P5 19.95 0.60665 2.0 1.6066500000000001 -0.3933500000000001 22.95 21.45 3.0
#P6 19.45 -10.084000000000001 3.9999999999999964 -8.084000000000003 -12.084 23.450000000000003 21.450000000000003 4.0000000000000036
#P7 -0.160000000000025 0.38572000000000006 1.0 1.7031499999999995 0.4837600000000002 0.38651499999999994 0.8000000000000007 -0.09999999999999787
#P8 3.552713678800501e-15 0.20000000000000995 0.10000000000000853 -0.10000000000000142 0.09999999999999432 -1.7763568394002505e-15 0.19999999999999218 -2.043199999999999
#P9 -0.5645000000000024 4.0 1.4354999999999976 -2.5645000000000024 1.9567999999999977 -0.04320000000000057 3.9999999999999964 6.083441734313965
#P10 4923.91650390625 14.857999801635742 1 0.0 0.0
#N 13
#L Pt_No  omega  eh_c01  eh_t01  sl_mon_b_vol  sl_mon_t_vol  lmbd_countsroi1  lmbd_countsroi1_atten  lmbd_countsroi2  lmbd_countsroi2_atten  lmbd_countsroi3  lmbd_countsroi3_atten  dt
0 14.794540625000003 8242.0 0.5 0.034609375 0.03421875 54.0 54.0 486.0 486.0 264.0 264.0 0.5476601123809814
1 14.795481250000009 8278.0 0.5 0.03375 0.0346875 76.0 76.0 383.0 383.0 226.0 226.0 1.1006832122802734
2 14.796606250000004 8246.0 0.5 0.034296875 0.029687500000000002 71.0 71.0 412.0 412.0 224.0 224.0 1.6675357818603516
3 14.797718750000001 8275.0 0.5 0.034921875 0.033828125 88.0 88.0 447.0 447.0 205.0 205.0 2.2743289470672607
4 14.798906250000009 8147.0 0.5 0.0340625 0.033046875 100.0 100.0 479.0 479.0 216.0 216.0 2.8468496799468994
5 14.800090625000003 8019.0 0.5 0.031640625 0.033203125 123.0 123.0 534.0 534.0 224.0 224.0 3.4547784328460693
6 14.801134375000004 8310.0 0.5 0.034609375 0.03328125 154.0 154.0 535.0 535.0 248.0 248.0 4.053877353668213
7 14.80236875 8227.0 0.5 0.03515625 0.03359375 226.0 226.0 626.0 626.0 224.0 224.0 4.664296388626099
8 14.803378125000002 8208.0 0.5 0.035078125 0.033046875 220.0 220.0 636.0 636.0 256.0 256.0 5.221848726272583
9 14.80459062500001 8279.0 0.5 0.035546875 0.033515625 354.0 354.0 811.0 811.0 235.0 235.0 5.8462913036346436
10 14.805784375000009 8088.0 0.5 0.035312500000000004 0.0334375 497.0 497.0 956.0 956.0 258.0 258.0 6.420842885971069
11 14.806906250000004 8256.0 0.5 0.03390625 0.03453125 886.0 886.0 1516.0 1516.0 240.0 240.0 7.045875787734985
12 14.808178125000005 7994.0 0.5 0.033828125 0.0334375 1300.0 1300.0 1949.0 1949.0 255.0 255.0 7.6656787395477295
13 14.809162500000006 8108.0 0.5 0.036015625 0.034140625 1641.0 1641.0 2161.0 2161.0 210.0 210.0 8.265007734298706
14 14.810346875000008 8215.0 0.5 0.036171875 0.033984375000000004 2490.0 2490.0 2940.0 2940.0 250.0 250.0 8.814836978912354
15 14.811534375000008 8262.0 0.5 0.03421875 0.034375 4224.0 4224.0 4628.0 4628.0 239.0 239.0 9.444727897644043
16 14.812534375000006 8113.0 0.5 0.03328125 0.033359375000000004 5776.0 5776.0 6117.0 6117.0 241.0 241.0 10.0244140625
17 14.813734375000003 8092.0 0.5 0.034140625 0.035 5519.0 5519.0 5872.0 5872.0 224.0 224.0 10.623366832733154
18 14.814831250000005 8230.0 0.5 0.034296875 0.033125 3776.0 3776.0 4079.0 4079.0 217.0 217.0 11.196298599243164
19 14.816109375000003 8106.0 0.5 0.0334375 0.03515625 2251.0 2251.0 2559.0 2559.0 228.0 228.0 11.85836410522461
20 14.817290625000005 8145.0 0.5 0.032890625 0.03390625 1458.0 1458.0 1788.0 1788.0 230.0 230.0 12.455559492111206
21 14.818481250000005 8113.0 0.5 0.03390625 0.033984375000000004 921.0 921.0 1182.0 1182.0 218.0 218.0 13.071027040481567
22 14.81948125000001 8428.0 0.5 0.034921875 0.033046875 748.0 748.0 1031.0 1031.0 228.0 228.0 13.609179258346558
23 14.820675000000001 8050.0 0.5 0.034609375 0.032734375 516.0 516.0 754.0 754.0 239.0 239.0 14.238746643066406
24 14.821853125000004 8224.0 0.5 0.036015625 0.03328125 437.0 437.0 680.0 680.0 229.0 229.0 14.855594396591187
25 14.82305000000001 8125.0 0.5 0.03390625 0.035078125 306.0 306.0 543.0 543.0 239.0 239.0 15.485356092453003
26 14.824256250000005 8291.0 0.5 0.035078125 0.03203125 266.0 266.0 511.0 511.0 231.0 231.0 16.082706451416016
27 14.825459375000001 8286.0 0.5 0.035 0.0325 196.0 196.0 479.0 479.0 231.0 231.0 16.713968992233276
28 14.826462500000005 8250.0 0.5 0.035390625 0.0346875 185.0 185.0 416.0 416.0 218.0 218.0 17.282681226730347
29 14.827646875000006 8050.0 0.5 0.031640625 0.032578125 164.0 164.0 442.0 442.0 212.0 212.0 17.881253242492676
30 14.829050000000002 8026.0 0.5 0.035625000000000004 0.0325 141.0 141.0 376.0 376.0 207.0 207.0 18.58103346824646
31 14.830246875000007 8212.0 0.5 0.03515625 0.034375 153.0 153.0 427.0 427.0 249.0 249.0 19.2174813747406
32 14.831362500000004 8040.0 0.5 0.035625000000000004 0.034140625 106.0 106.0 367.0 367.0 231.0 231.0 19.831395864486694
33 14.832465625000005 7989.0 0.5 0.034453125 0.034375 105.0 105.0 341.0 341.0 220.0 220.0 20.43800187110901
34 14.833587500000007 8186.0 0.5 0.0328125 0.033125 65.0 65.0 345.0 345.0 200.0 200.0 21.030225038528442
