#S 13567 ascan omega 14.8655 14.9055 40 0.5
#U p23user
#D Sun Jun 13 12:39:27 2021
#C Acquisition started at Sun Jun 13 12:39:27 2021
#O0 atten  attenpos  avg_beamcurrent  dcm_exitoffset  dcmbragg  diffractometer_h  diffractometer_k  diffractometer_l
#O1 gx  gy  gz  lmbd_compressionrate  lmbd_delaytime  lmbd_depth  lmbd_distortioncorrection  lmbd_energythreshold
#O2 lmbd_filestartnum  lmbd_framenumbers  lmbd_framesperfile  lmbd_height  lmbd_latestimagenumber  lmbd_shuttertime  lmbd_shuttertimemax  lmbd_shuttertimemin
#O3 lmbd_threadno  lmbd_totallossframes  lmbd_triggermode  lmbd_width  mnchrmtr  mono1roll  mono2par  mono2perp
#O4 mono2pitch  mono2roll  mono_height  monotrans  monoyaw  monoz1  monoz2  monoz3
#O5 ohsl1b  ohsl1h  ohsl1hgap  ohsl1l  ohsl1r  ohsl1t  ohsl1v  ohsl1vgap
#O6 ohsl2b  ohsl2h  ohsl2hgap  ohsl2l  ohsl2r  ohsl2t  ohsl2v  ohsl2vgap
#O7 phi  ps1v  ps1vg  ps2l  ps2r  ps2v  ps2vg  sl3b
#O8 sl3h  sl3hgap  sl3l  sl3r  sl3t  sl3v  sl3vgap  sl4b
#O9 sl4h  sl4hgap  sl4l  sl4r  sl4t  sl4v  sl4vgap  source_energy
#O10 und_en  undulator_gap  undulator_harmonic  undulator_phase  undulator_taper
#P0 1.0 0.0 94.29492950439453 20.7 23.536321800262336 1.0000009593071197 4.433989533569719e-08 8.994574250409242e-05
#P1 -0.8900000000000006 -3.0 -0.71798828125 2 0.0 24 1 2300.0
#P2 0 1 1 516 -1 1000.0 2147483647.0 0.0
#P3 0 0 0 1556 4951.000960909352 0.0 25.918374999999997 11.22584375
#P4 0.06485081585081587 0.0295 3.906075 -21.0 -0.01 3.906075 3.9 3.9
#P5 19.95 0.60665 2.0 1.6066500000000001 -0.3933500000000001 22.95 21.45 3.0
#P6 19.45 -10.084000000000001 3.9999999999999964 -8.084000000000003 -12.084 23.450000000000003 21.450000000000003 4.0000000000000036
#P7 -0.160000000000025 0.38572000000000006 1.0 1.7031499999999995 0.4837600000000002 0.38651499999999994 0.8000000000000007 -0.09999999999999787
#P8 3.552713678800501e-15 0.20000000000000995 0.10000000000000853 -0.10000000000000142 0.09999999999999432 -1.7763568394002505e-15 0.19999999999999218 -2.043199999999999
#P9 -0.5645000000000024 4.0 1.4354999999999976 -2.5645000000000024 1.9567999999999977 -0.04320000000000057 3.9999999999999964 6.083413600921631
#P10 4900.84375 14.817000389099121 1 0.0 0.0
#N 13
#L Pt_No  omega  eh_c01  eh_t01  sl_mon_b_vol  sl_mon_t_vol  lmbd_countsroi1  lmbd_countsroi1_atten  lmbd_countsroi2  lmbd_countsroi2_atten  lmbd_countsroi3  lmbd_countsroi3_atten  dt
0 14.865884375000007 7545.0 0.5 0.032890625 0.032734375 1728.0 1728.0 6351.0 6351.0 247.0 247.0 0.5604004859924316
1 14.866993750000006 7512.0 0.5 0.0334375 0.0334375 2064.0 2064.0 6907.0 6907.0 211.0 211.0 1.1736080646514893
2 14.868209375000006 7502.0 0.5 0.033125 0.03328125 2494.0 2494.0 7486.0 7486.0 206.0 206.0 1.810257911682129
3 14.869196875000007 7669.0 0.5 0.03453125 0.0325 2945.0 2945.0 8535.0 8535.0 196.0 196.0 2.3358960151672363
4 14.870390625000006 7577.0 0.5 0.031796875 0.035546875 3532.0 3532.0 9394.0 9394.0 211.0 211.0 2.9286177158355713
5 14.871400000000008 7599.0 0.5 0.034296875 0.033984375000000004 4374.0 4374.0 10538.0 10538.0 221.0 221.0 3.4687352180480957
6 14.872721875000003 7718.0 0.5 0.033359375000000004 0.033125 5785.0 5785.0 12513.0 12513.0 231.0 231.0 4.161703824996948
7 14.873725000000007 7568.0 0.5 0.033125 0.03421875 7082.0 7082.0 14292.0 14292.0 201.0 201.0 4.693670034408569
8 14.874815625000004 7493.0 0.5 0.032890625 0.0325 9299.0 9299.0 17303.0 17303.0 220.0 220.0 5.278172492980957
9 14.875993750000006 7442.0 0.5 0.03578125 0.0321875 12098.0 12098.0 20505.0 20505.0 224.0 224.0 5.841898441314697
10 14.877212499999999 7331.0 0.5 0.03265625 0.0334375 16843.0 16843.0 26345.0 26345.0 225.0 225.0 6.531534910202026
11 14.878221875000001 7541.0 0.5 0.033046875 0.033671875000000004 23644.0 23644.0 34293.0 34293.0 197.0 197.0 7.072815179824829
12 14.879409375000002 7542.0 0.5 0.034296875 0.03296875 35606.0 35606.0 46481.0 46481.0 212.0 212.0 7.656527996063232
13 14.880603125000007 7635.0 0.5 0.03296875 0.033125 54346.0 54346.0 65678.0 65678.0 223.0 223.0 8.246878385543823
14 14.881590625000001 7663.0 0.5 0.03296875 0.0328125 88451.0 88451.0 98872.0 98872.0 222.0 222.0 8.825102806091309
15 14.88277500000001 7542.0 0.5 0.035703125 0.032734375 145470.0 145470.0 154090.0 154090.0 211.0 211.0 9.432276964187622
16 14.883971875000007 7425.0 0.5 0.03234375 0.0325 203340.0 203340.0 209887.0 209887.0 215.0 215.0 10.084753513336182
17 14.885168750000005 7633.0 0.5 0.03390625 0.031796875 194137.0 194137.0 199055.0 199055.0 238.0 238.0 10.699142694473267
18 14.886362500000004 7750.0 0.5 0.033984375000000004 0.031718750000000004 139823.0 139823.0 143956.0 143956.0 201.0 201.0 11.262717962265015
19 14.887475000000002 7660.0 0.5 0.03375 0.03234375 86179.0 86179.0 89714.0 89714.0 194.0 194.0 11.880955696105957
20 14.888587500000007 7552.0 0.5 0.033203125 0.031875 56675.0 56675.0 59656.0 59656.0 225.0 225.0 12.444041728973389
21 14.889718750000007 7676.0 0.5 0.035 0.032890625 37545.0 37545.0 40199.0 40199.0 221.0 221.0 13.058202981948853
22 14.890834375000004 7605.0 0.5 0.032734375 0.034140625 26854.0 26854.0 29278.0 29278.0 214.0 214.0 13.630377292633057
23 14.892068750000007 7536.0 0.5 0.033828125 0.0328125 19681.0 19681.0 21886.0 21886.0 212.0 212.0 14.26443862915039
24 14.893200000000007 7633.0 0.5 0.035625000000000004 0.0325 15505.0 15505.0 17492.0 17492.0 208.0 208.0 14.872729778289795
25 14.894400000000005 7497.0 0.5 0.033046875 0.034453125 12229.0 12229.0 14001.0 14001.0 234.0 234.0 15.50302791595459
26 14.895712500000002 7793.0 0.5 0.032890625 0.03203125 9928.0 9928.0 11654.0 11654.0 236.0 236.0 16.152845859527588
27 14.896809375000004 7514.0 0.5 0.033125 0.034375 8277.0 8277.0 9810.0 9810.0 211.0 211.0 16.770833492279053
28 14.898112500000003 7644.0 0.5 0.035546875 0.03515625 6989.0 6989.0 8570.0 8570.0 187.0 187.0 17.426708936691284
29 14.899221875000002 7569.0 0.5 0.033984375000000004 0.03203125 5901.0 5901.0 7353.0 7353.0 228.0 228.0 18.018271446228027
30 14.900312500000005 7592.0 0.5 0.034375 0.031796875 5212.0 5212.0 6625.0 6625.0 222.0 222.0 18.60219979286194
31 14.901315625000002 7516.0 0.5 0.031640625 0.03296875 4518.0 4518.0 5852.0 5852.0 231.0 231.0 19.1438045501709
32 14.902603125000006 7568.0 0.5 0.034296875 0.034375 4063.0 4063.0 5475.0 5475.0 211.0 211.0 19.792482376098633
33 14.903712500000005 7501.0 0.5 0.033828125 0.03234375 3485.0 3485.0 4963.0 4963.0 219.0 219.0 20.394983053207397
34 14.904931250000004 7741.0 0.5 0.03484375 0.031640625 3116.0 3116.0 4661.0 4661.0 190.0 190.0 21.001771450042725
35 14.905790625000002 7741.0 0.5 0.031796875 0.033984375000000004 2628.0 2628.0 4211.0 4211.0 198.0 198.0 21.649248123168945
