#S 13572 ascan omega 14.8499 14.8899 40 0.5
#U p23user
#D Sun Jun 13 12:42:42 2021
#C Acquisition started at Sun Jun 13 12:42:42 2021
#O0 atten  attenpos  avg_beamcurrent  dcm_exitoffset  dcmbragg  diffractometer_h  diffractometer_k  diffractometer_l
#O1 gx  gy  gz  lmbd_compressionrate  lmbd_delaytime  lmbd_depth  lmbd_distortioncorrection  lmbd_energythreshold
#O2 lmbd_filestartnum  lmbd_framenumbers  lmbd_framesperfile  lmbd_height  lmbd_latestimagenumber  lmbd_shuttertime  lmbd_shuttertimemax  lmbd_shuttertimemin
#O3 lmbd_threadno  lmbd_totallossframes  lmbd_triggermode  lmbd_width  mnchrmtr  mono1roll  mono2par  mono2perp
#O4 mono2pitch  mono2roll  mono_height  monotrans  monoyaw  monoz1  monoz2  monoz3
#O5 ohsl1b  ohsl1h  ohsl1hgap  ohsl1l  ohsl1r  ohsl1t  ohsl1v  ohsl1vgap
#O6 ohsl2b  ohsl2h  ohsl2hgap  ohsl2l  ohsl2r  ohsl2t  ohsl2v  ohsl2vgap
#O7 phi  ps1v  ps1vg  ps2l  ps2r  ps2v  ps2vg  sl3b
#O8 sl3h  sl3hgap  sl3l  sl3r  sl3t  sl3v  sl3vgap  sl4b
#O9 sl4h  sl4hgap  sl4l  sl4r  sl4t  sl4v  sl4vgap  source_energy
#O10 und_en  undulator_gap  undulator_harmonic  undulator_phase  undulator_taper
#P0 1.0 0.0 94.58013916015625 20.7 23.51115167593022 1.0000012941541552 4.433993145439292e-08 8.994576404174173e-05
#P1 -0.8900000000000006 -3.0 -0.71798828125 2 0.0 24 1 2300.0
#P2 0 1 1 516 -1 1000.0 2147483647.0 0.0
#P3 0 0 0 1556 4956.000142276927 0.0 25.94456249999999 11.223624999999998
#P4 0.06485081585081587 0.0295 3.906075 -21.0 -0.01 3.906075 3.9 3.9
#P5 19.95 0.60665 2.0 1.6066500000000001 -0.3933500000000001 22.95 21.45 3.0
#P6 19.45 -10.084000000000001 3.9999999999999964 -8.084000000000003 -12.084 23.450000000000003 21.450000000000003 4.0000000000000036
#P7 -0.160000000000025 0.38572000000000006 1.0 1.7031499999999995 0.4837600000000002 0.38651499999999994 0.8000000000000007 -0.09999999999999787
#P8 3.552713678800501e-15 0.20000000000000995 0.10000000000000853 -0.10000000000000142 0.09999999999999432 -1.7763568394002505e-15 0.19999999999999218 -2.043199999999999
#P9 -0.5645000000000024 4.0 1.4354999999999976 -2.5645000000000024 1.9567999999999977 -0.04320000000000057 3.9999999999999964 6.083441734313965
#P10 4905.90625 14.826000213623047 1 0.0 0.0
#N 13
#L Pt_No  omega  eh_c01  eh_t01  sl_mon_b_vol  sl_mon_t_vol  lmbd_countsroi1  lmbd_countsroi1_atten  lmbd_countsroi2  lmbd_countsroi2_atten  lmbd_countsroi3  lmbd_countsroi3_atten  dt
0 14.850340625000001 7595.0 0.5 0.032265625 0.033828125 283.0 283.0 1402.0 1402.0 229.0 229.0 0.5336031913757324
1 14.851384375000002 7723.0 0.5 0.031953125 0.034609375 323.0 323.0 1333.0 1333.0 232.0 232.0 1.1237869262695312
2 14.85248437500001 7724.0 0.5 0.034375 0.033359375000000004 446.0 446.0 1469.0 1469.0 236.0 236.0 1.7280890941619873
3 14.853681250000008 7736.0 0.5 0.033046875 0.03375 440.0 440.0 1458.0 1458.0 204.0 204.0 2.320388078689575
4 14.854784375000001 7769.0 0.5 0.03421875 0.035078125 638.0 638.0 1771.0 1771.0 196.0 196.0 2.9001760482788086
5 14.855884375000002 7753.0 0.5 0.03640625 0.034375 742.0 742.0 1941.0 1941.0 224.0 224.0 3.487302780151367
6 14.857078125000008 7779.0 0.5 0.03421875 0.0340625 939.0 939.0 2137.0 2137.0 222.0 222.0 4.061197757720947
7 14.858200000000004 7674.0 0.5 0.0334375 0.03421875 1164.0 1164.0 2428.0 2428.0 228.0 228.0 4.69802451133728
8 14.859303125000004 7849.0 0.5 0.0340625 0.034921875 1591.0 1591.0 2995.0 2995.0 177.0 177.0 5.306788444519043
9 14.860500000000002 7797.0 0.5 0.033671875000000004 0.035937500000000004 2063.0 2063.0 3625.0 3625.0 229.0 229.0 5.8597071170806885
10 14.861703125000005 7826.0 0.5 0.03375 0.0334375 2878.0 2878.0 4544.0 4544.0 207.0 207.0 6.500586032867432
11 14.862906250000009 7701.0 0.5 0.035078125 0.033125 4388.0 4388.0 6326.0 6326.0 231.0 231.0 7.114618539810181
12 14.864334375000006 7750.0 0.5 0.032109375 0.03515625 7150.0 7150.0 9196.0 9196.0 213.0 213.0 7.863768577575684
13 14.8654875 7768.0 0.5 0.034375 0.0328125 11322.0 11322.0 13171.0 13171.0 233.0 233.0 8.493226766586304
14 14.866503125000008 7673.0 0.5 0.035546875 0.034375 18129.0 18129.0 19883.0 19883.0 234.0 234.0 9.040237188339233
15 14.867634375000002 7905.0 0.5 0.03265625 0.033515625 29031.0 29031.0 30416.0 30416.0 255.0 255.0 9.64861512184143
16 14.868859375000007 7719.0 0.5 0.0325 0.034921875 36087.0 36087.0 37171.0 37171.0 235.0 235.0 10.253847599029541
17 14.870062500000003 7823.0 0.5 0.03515625 0.03359375 30114.0 30114.0 31044.0 31044.0 230.0 230.0 10.88516640663147
18 14.871187500000005 7605.0 0.5 0.031875 0.034921875 19822.0 19822.0 20642.0 20642.0 242.0 242.0 11.48256540298462
19 14.872281250000007 7766.0 0.5 0.0346875 0.03375 12142.0 12142.0 12919.0 12919.0 228.0 228.0 12.06493330001831
20 14.873478124999998 7757.0 0.5 0.033046875 0.03375 7647.0 7647.0 8320.0 8320.0 216.0 216.0 12.67153525352478
21 14.874675000000003 7746.0 0.5 0.033203125 0.0340625 5346.0 5346.0 5942.0 5942.0 214.0 214.0 13.268934965133667
22 14.875668750000003 7888.0 0.5 0.033359375000000004 0.035703125 3995.0 3995.0 4576.0 4576.0 221.0 221.0 13.859920501708984
23 14.87694375000001 7782.0 0.5 0.033125 0.033828125 2879.0 2879.0 3419.0 3419.0 216.0 216.0 14.493720769882202
24 14.878243750000003 7740.0 0.5 0.031640625 0.034921875 2302.0 2302.0 2812.0 2812.0 227.0 227.0 15.133580923080444
25 14.879228125000004 7771.0 0.5 0.033828125 0.033046875 1872.0 1872.0 2330.0 2330.0 240.0 240.0 15.701370000839233
26 14.880425000000002 7706.0 0.5 0.035078125 0.0334375 1549.0 1549.0 1994.0 1994.0 205.0 205.0 16.283191204071045
27 14.881453125000007 7836.0 0.5 0.03421875 0.033046875 1213.0 1213.0 1632.0 1632.0 215.0 215.0 16.84827995300293
28 14.882493750000009 7556.0 0.5 0.035078125 0.0346875 1141.0 1141.0 1626.0 1626.0 238.0 238.0 17.405850648880005
29 14.883525000000006 7732.0 0.5 0.03453125 0.03484375 1002.0 1002.0 1387.0 1387.0 217.0 217.0 17.961012840270996
30 14.884731250000002 7781.0 0.5 0.032578125 0.03390625 835.0 835.0 1179.0 1179.0 202.0 202.0 18.59825086593628
31 14.885918750000002 7748.0 0.5 0.032265625 0.03234375 689.0 689.0 1090.0 1090.0 217.0 217.0 19.153809547424316
32 14.886912500000008 7700.0 0.5 0.033125 0.034921875 641.0 641.0 1009.0 1009.0 224.0 224.0 19.73745036125183
33 14.888093750000003 7787.0 0.5 0.032265625 0.0340625 516.0 516.0 915.0 915.0 214.0 214.0 20.305693864822388
34 14.88928437500001 7742.0 0.5 0.031718750000000004 0.034609375 485.0 485.0 848.0 848.0 200.0 200.0 20.935071229934692
35 14.889993750000002 7780.0 0.5 0.03328125 0.03421875 433.0 433.0 887.0 887.0 249.0 249.0 21.556049585342407
