#S 13537 ascan omega 14.9596 14.9996 40 0.5
#U p23user
#D Sun Jun 13 12:20:00 2021
#C Acquisition started at Sun Jun 13 12:20:00 2021
#O0 atten  attenpos  avg_beamcurrent  dcm_exitoffset  dcmbragg  diffractometer_h  diffractometer_k  diffractometer_l
#O1 gx  gy  gz  lmbd_compressionrate  lmbd_delaytime  lmbd_depth  lmbd_distortioncorrection  lmbd_energythreshold
#O2 lmbd_filestartnum  lmbd_framenumbers  lmbd_framesperfile  lmbd_height  lmbd_latestimagenumber  lmbd_shuttertime  lmbd_shuttertimemax  lmbd_shuttertimemin
#O3 lmbd_threadno  lmbd_totallossframes  lmbd_triggermode  lmbd_width  mnchrmtr  mono1roll  mono2par  mono2perp
#O4 mono2pitch  mono2roll  mono_height  monotrans  monoyaw  monoz1  monoz2  monoz3
#O5 ohsl1b  ohsl1h  ohsl1hgap  ohsl1l  ohsl1r  ohsl1t  ohsl1v  ohsl1vgap
#O6 ohsl2b  ohsl2h  ohsl2hgap  ohsl2l  ohsl2r  ohsl2t  ohsl2v  ohsl2vgap
#O7 phi  ps1v  ps1vg  ps2l  ps2r  ps2v  ps2vg  sl3b
#O8 sl3h  sl3hgap  sl3l  sl3r  sl3t  sl3v  sl3vgap  sl4b
#O9 sl4h  sl4hgap  sl4l  sl4r  sl4t  sl4v  sl4vgap  source_energy
#O10 und_en  undulator_gap  undulator_harmonic  undulator_phase  undulator_taper
#P0 1.0 0.0 94.46900177001953 20.7 23.68854782683809 1.000001821794589 4.9245449187449016e-08 9.011847715744255e-05
#P1 -0.8900000000000006 -3.0 -0.71798828125 2 0.0 24 1 2300.0
#P2 0 1 1 516 -1 1000.0 2147483647.0 0.0
#P3 0 0 0 1556 4921.000312173209 0.0 25.76131249999999 11.23934375
#P4 0.06485081585081587 0.0295 3.906075 -21.0 -0.01 3.906075 3.9 3.9
#P5 19.95 0.60665 2.0 1.6066500000000001 -0.3933500000000001 22.95 21.45 3.0
#P6 19.45 -10.084000000000001 3.9999999999999964 -8.084000000000003 -12.084 23.450000000000003 21.450000000000003 4.0000000000000036
#P7 -0.160000000000025 0.38572000000000006 1.0 1.7031499999999995 0.4837600000000002 0.38651499999999994 0.8000000000000007 -0.09999999999999787
#P8 3.552713678800501e-15 0.20000000000000995 0.10000000000000853 -0.10000000000000142 0.09999999999999432 -1.7763568394002505e-15 0.19999999999999218 -2.043199999999999
#P9 -0.5645000000000024 4.0 1.4354999999999976 -2.5645000000000024 1.9567999999999977 -0.04320000000000057 3.9999999999999964 6.083441734313965
#P10 4871.0380859375 14.763999938964844 1 0.0 0.0
#N 13
#L Pt_No  omega  eh_c01  eh_t01  sl_mon_b_vol  sl_mon_t_vol  lmbd_countsroi1  lmbd_countsroi1_atten  lmbd_countsroi2  lmbd_countsroi2_atten  lmbd_countsroi3  lmbd_countsroi3_atten  dt
0 14.960050000000003 6946.0 0.5 0.035625000000000004 0.032109375 37.0 37.0 487.0 487.0 192.0 192.0 0.5432405471801758
1 14.961078125 7081.0 0.5 0.034375 0.02921875 35.0 35.0 288.0 288.0 183.0 183.0 1.1179919242858887
2 14.962184375000007 7036.0 0.5 0.0340625 0.031953125 57.0 57.0 335.0 335.0 203.0 203.0 1.664334774017334
3 14.963181250000005 6977.0 0.5 0.0334375 0.03234375 55.0 55.0 330.0 330.0 198.0 198.0 2.2399704456329346
4 14.964381250000002 6959.0 0.5 0.034453125 0.030078125 69.0 69.0 341.0 341.0 201.0 201.0 2.827594757080078
5 14.965568750000003 6811.0 0.5 0.035234375 0.03078125 79.0 79.0 365.0 365.0 208.0 208.0 3.4822542667388916
6 14.96676875 7066.0 0.5 0.033359375000000004 0.03078125 112.0 112.0 398.0 398.0 212.0 212.0 4.099926471710205
7 14.967968750000004 7155.0 0.5 0.034140625 0.0325 132.0 132.0 429.0 429.0 187.0 187.0 4.707975625991821
8 14.969068750000005 7016.0 0.5 0.035546875 0.030390625 169.0 169.0 496.0 496.0 193.0 193.0 5.2968621253967285
9 14.970171875000005 6947.0 0.5 0.036171875 0.0321875 215.0 215.0 641.0 641.0 194.0 194.0 5.870465040206909
10 14.97157187500001 7000.0 0.5 0.03484375 0.030625 380.0 380.0 773.0 773.0 242.0 242.0 6.567216873168945
11 14.972556250000004 7002.0 0.5 0.033359375000000004 0.031875 707.0 707.0 1246.0 1246.0 215.0 215.0 7.166351795196533
12 14.973743750000004 7091.0 0.5 0.03484375 0.0321875 1161.0 1161.0 1705.0 1705.0 188.0 188.0 7.753905296325684
13 14.974925000000006 7053.0 0.5 0.0328125 0.030859375 1271.0 1271.0 1739.0 1739.0 192.0 192.0 8.403359651565552
14 14.976137500000007 7004.0 0.5 0.03625 0.03203125 1671.0 1671.0 2104.0 2104.0 202.0 202.0 8.971281051635742
15 14.977353125000008 7000.0 0.5 0.032265625 0.032265625 2755.0 2755.0 3131.0 3131.0 197.0 197.0 9.596745491027832
16 14.978537500000009 6953.0 0.5 0.033671875000000004 0.0325 3869.0 3869.0 4227.0 4227.0 172.0 172.0 10.22587275505066
17 14.979746875000004 7021.0 0.5 0.03484375 0.032109375 3530.0 3530.0 3858.0 3858.0 174.0 174.0 10.882744550704956
18 14.980956250000006 7014.0 0.5 0.033984375000000004 0.030546875 2270.0 2270.0 2531.0 2531.0 230.0 230.0 11.497859716415405
19 14.982171875000006 6988.0 0.5 0.031718750000000004 0.031484375 1305.0 1305.0 1541.0 1541.0 190.0 190.0 12.133074045181274
20 14.983193750000005 6843.0 0.5 0.035234375 0.031718750000000004 826.0 826.0 1064.0 1064.0 184.0 184.0 12.726114988327026
21 14.984387500000004 7079.0 0.5 0.034609375 0.030390625 562.0 562.0 810.0 810.0 183.0 183.0 13.29135513305664
22 14.985578125000004 7022.0 0.5 0.032734375 0.034453125 405.0 405.0 632.0 632.0 209.0 209.0 13.896505117416382
23 14.986571875000003 6962.0 0.5 0.035 0.0325 291.0 291.0 519.0 519.0 211.0 211.0 14.48201298713684
24 14.987762500000002 6967.0 0.5 0.034921875 0.03125 255.0 255.0 430.0 430.0 199.0 199.0 15.05353331565857
25 14.988750000000003 7059.0 0.5 0.03375 0.033046875 195.0 195.0 415.0 415.0 205.0 205.0 15.622933149337769
26 14.990140625000002 6966.0 0.5 0.03390625 0.03265625 160.0 160.0 448.0 448.0 182.0 182.0 16.34528422355652
27 14.991343750000006 7120.0 0.5 0.0321875 0.03296875 143.0 143.0 409.0 409.0 201.0 201.0 16.996845960617065
28 14.992756250000006 7012.0 0.5 0.032890625 0.031953125 98.0 98.0 305.0 305.0 237.0 237.0 17.65224027633667
29 14.993865625000005 6960.0 0.5 0.0334375 0.032890625 97.0 97.0 277.0 277.0 200.0 200.0 18.27616834640503
30 14.994968750000005 6973.0 0.5 0.033125 0.031015625 93.0 93.0 324.0 324.0 176.0 176.0 18.853286027908325
31 14.996065625000007 6994.0 0.5 0.03265625 0.032109375 78.0 78.0 316.0 316.0 207.0 207.0 19.42116069793701
32 14.99735625000001 6959.0 0.5 0.034140625 0.03359375 66.0 66.0 241.0 241.0 165.0 165.0 20.06796407699585
33 14.99837187500001 6972.0 0.5 0.03265625 0.033203125 66.0 66.0 277.0 277.0 169.0 169.0 20.65299367904663
34 14.99950937500001 7101.0 0.5 0.034140625 0.032265625 50.0 50.0 241.0 241.0 191.0 191.0 21.326985120773315
