#S 13544 ascan omega 14.9376 14.9776 40 0.5
#U p23user
#D Sun Jun 13 12:24:32 2021
#C Acquisition started at Sun Jun 13 12:24:32 2021
#O0 atten  attenpos  avg_beamcurrent  dcm_exitoffset  dcmbragg  diffractometer_h  diffractometer_k  diffractometer_l
#O1 gx  gy  gz  lmbd_compressionrate  lmbd_delaytime  lmbd_depth  lmbd_distortioncorrection  lmbd_energythreshold
#O2 lmbd_filestartnum  lmbd_framenumbers  lmbd_framesperfile  lmbd_height  lmbd_latestimagenumber  lmbd_shuttertime  lmbd_shuttertimemax  lmbd_shuttertimemin
#O3 lmbd_threadno  lmbd_totallossframes  lmbd_triggermode  lmbd_width  mnchrmtr  mono1roll  mono2par  mono2perp
#O4 mono2pitch  mono2roll  mono_height  monotrans  monoyaw  monoz1  monoz2  monoz3
#O5 ohsl1b  ohsl1h  ohsl1hgap  ohsl1l  ohsl1r  ohsl1t  ohsl1v  ohsl1vgap
#O6 ohsl2b  ohsl2h  ohsl2hgap  ohsl2l  ohsl2r  ohsl2t  ohsl2v  ohsl2vgap
#O7 phi  ps1v  ps1vg  ps2l  ps2r  ps2v  ps2vg  sl3b
#O8 sl3h  sl3hgap  sl3l  sl3r  sl3t  sl3v  sl3vgap  sl4b
#O9 sl4h  sl4hgap  sl4l  sl4r  sl4t  sl4v  sl4vgap  source_energy
#O10 und_en  undulator_gap  undulator_harmonic  undulator_phase  undulator_taper
#P0 1.0 0.0 94.28690338134766 20.7 23.652854193550578 1.0000011466321466 4.9245429759819076e-08 9.011842482809135e-05
#P1 -0.8900000000000006 -3.0 -0.71798828125 2 0.0 24 1 2300.0
#P2 0 1 1 516 -1 1000.0 2147483647.0 0.0
#P3 0 0 0 1556 4927.998594542664 0.0 25.797999999999988 11.236187499999998
#P4 0.06485081585081587 0.0295 3.906075 -21.0 -0.01 3.906075 3.9 3.9
#P5 19.95 0.60665 2.0 1.6066500000000001 -0.3933500000000001 22.95 21.45 3.0
#P6 19.45 -10.084000000000001 3.9999999999999964 -8.084000000000003 -12.084 23.450000000000003 21.450000000000003 4.0000000000000036
#P7 -0.160000000000025 0.38572000000000006 1.0 1.7031499999999995 0.4837600000000002 0.38651499999999994 0.8000000000000007 -0.09999999999999787
#P8 3.552713678800501e-15 0.20000000000000995 0.10000000000000853 -0.10000000000000142 0.09999999999999432 -1.7763568394002505e-15 0.19999999999999218 -2.043199999999999
#P9 -0.5645000000000024 4.0 1.4354999999999976 -2.5645000000000024 1.9567999999999977 -0.04320000000000057 3.9999999999999964 6.083441734313965
#P10 4877.78466796875 14.776000022888184 1 0.0 0.0
#N 13
#L Pt_No  omega  eh_c01  eh_t01  sl_mon_b_vol  sl_mon_t_vol  lmbd_countsroi1  lmbd_countsroi1_atten  lmbd_countsroi2  lmbd_countsroi2_atten  lmbd_countsroi3  lmbd_countsroi3_atten  dt
0 14.937968750000003 7051.0 0.5 0.034140625 0.0334375 85.0 85.0 722.0 722.0 177.0 177.0 0.542743444442749
1 14.938884375 7082.0 0.5 0.0309375 0.032734375 93.0 93.0 463.0 463.0 231.0 231.0 1.10455322265625
2 14.940075000000007 6915.0 0.5 0.03328125 0.03265625 94.0 94.0 433.0 433.0 175.0 175.0 1.6992497444152832
3 14.941081250000003 6979.0 0.5 0.03375 0.032265625 120.0 120.0 594.0 594.0 228.0 228.0 2.261197090148926
4 14.942278125000009 7029.0 0.5 0.03328125 0.032578125 158.0 158.0 619.0 619.0 173.0 173.0 2.804076910018921
5 14.943481250000005 7009.0 0.5 0.031796875 0.034375 198.0 198.0 669.0 669.0 194.0 194.0 3.452848434448242
6 14.9446875 7089.0 0.5 0.034765625 0.03125 236.0 236.0 700.0 700.0 208.0 208.0 4.068784952163696
7 14.945881250000006 7162.0 0.5 0.031328125 0.0325 310.0 310.0 728.0 728.0 218.0 218.0 4.718753337860107
8 14.94708437500001 6945.0 0.5 0.032734375 0.032578125 401.0 401.0 902.0 902.0 199.0 199.0 5.357896566390991
9 14.948281250000008 7156.0 0.5 0.032109375 0.033515625 593.0 593.0 1171.0 1171.0 212.0 212.0 5.980357885360718
10 14.949462500000003 6912.0 0.5 0.031015625 0.031640625 816.0 816.0 1439.0 1439.0 188.0 188.0 6.604247093200684
11 14.950668750000006 6991.0 0.5 0.034140625 0.03328125 1474.0 1474.0 2234.0 2234.0 199.0 199.0 7.224999189376831
12 14.95226562500001 7084.0 0.5 0.030078125 0.032734375 2353.0 2353.0 3188.0 3188.0 206.0 206.0 8.018134593963623
13 14.953356250000006 7021.0 0.5 0.0315625 0.035312500000000004 3370.0 3370.0 4113.0 4113.0 215.0 215.0 8.636307716369629
14 14.954562500000002 6918.0 0.5 0.031484375 0.031875 6078.0 6078.0 6776.0 6776.0 164.0 164.0 9.258630275726318
15 14.955668750000001 6983.0 0.5 0.032421875 0.034453125 8979.0 8979.0 9531.0 9531.0 196.0 196.0 9.844636678695679
16 14.956681250000003 7244.0 0.5 0.031015625 0.033515625 10246.0 10246.0 10667.0 10667.0 216.0 216.0 10.370712280273438
17 14.95789375000001 6969.0 0.5 0.033984375000000004 0.0321875 7816.0 7816.0 8271.0 8271.0 203.0 203.0 10.98839259147644
18 14.959084375000003 7079.0 0.5 0.0321875 0.0334375 4732.0 4732.0 5079.0 5079.0 216.0 216.0 11.624090909957886
19 14.960406250000005 7066.0 0.5 0.031875 0.03203125 2488.0 2488.0 2814.0 2814.0 211.0 211.0 12.318901777267456
20 14.961793750000005 7090.0 0.5 0.033515625 0.03265625 1445.0 1445.0 1784.0 1784.0 206.0 206.0 13.039111375808716
21 14.962875000000004 7163.0 0.5 0.03546875 0.033828125 1071.0 1071.0 1330.0 1330.0 193.0 193.0 13.595152139663696
22 14.964050000000007 6931.0 0.5 0.034375 0.03328125 848.0 848.0 1109.0 1109.0 213.0 213.0 14.265368223190308
23 14.965162499999998 7167.0 0.5 0.031875 0.03296875 626.0 626.0 856.0 856.0 195.0 195.0 14.80039119720459
24 14.966300000000004 7034.0 0.5 0.034296875 0.03421875 468.0 468.0 725.0 725.0 188.0 188.0 15.441812515258789
25 14.967509375000006 7086.0 0.5 0.033125 0.034296875 406.0 406.0 670.0 670.0 176.0 176.0 16.03557777404785
26 14.968721875000007 7017.0 0.5 0.03328125 0.033359375000000004 362.0 362.0 707.0 707.0 207.0 207.0 16.678369522094727
27 14.97024062500001 6939.0 0.5 0.033359375000000004 0.03296875 285.0 285.0 539.0 539.0 189.0 189.0 17.465467929840088
28 14.971337500000004 7271.0 0.5 0.034140625 0.03296875 254.0 254.0 500.0 500.0 225.0 225.0 18.047654390335083
29 14.972484375000008 7099.0 0.5 0.03359375 0.0334375 179.0 179.0 414.0 414.0 200.0 200.0 18.621036291122437
30 14.973512500000005 7072.0 0.5 0.03265625 0.032109375 181.0 181.0 393.0 393.0 202.0 202.0 19.171151876449585
31 14.974787500000005 7049.0 0.5 0.031484375 0.034375 155.0 155.0 425.0 425.0 185.0 185.0 19.79684543609619
32 14.975890625000005 6858.0 0.5 0.033203125 0.0321875 154.0 154.0 372.0 372.0 194.0 194.0 20.41437029838562
33 14.977168750000004 6941.0 0.5 0.033984375000000004 0.03328125 108.0 108.0 310.0 310.0 214.0 214.0 21.05659008026123
