#S 13552 ascan omega 14.9124 14.9524 40 0.5
#U p23user
#D Sun Jun 13 12:29:43 2021
#C Acquisition started at Sun Jun 13 12:29:43 2021
#O0 atten  attenpos  avg_beamcurrent  dcm_exitoffset  dcmbragg  diffractometer_h  diffractometer_k  diffractometer_l
#O1 gx  gy  gz  lmbd_compressionrate  lmbd_delaytime  lmbd_depth  lmbd_distortioncorrection  lmbd_energythreshold
#O2 lmbd_filestartnum  lmbd_framenumbers  lmbd_framesperfile  lmbd_height  lmbd_latestimagenumber  lmbd_shuttertime  lmbd_shuttertimemax  lmbd_shuttertimemin
#O3 lmbd_threadno  lmbd_totallossframes  lmbd_triggermode  lmbd_width  mnchrmtr  mono1roll  mono2par  mono2perp
#O4 mono2pitch  mono2roll  mono_height  monotrans  monoyaw  monoz1  monoz2  monoz3
#O5 ohsl1b  ohsl1h  ohsl1hgap  ohsl1l  ohsl1r  ohsl1t  ohsl1v  ohsl1vgap
#O6 ohsl2b  ohsl2h  ohsl2hgap  ohsl2l  ohsl2r  ohsl2t  ohsl2v  ohsl2vgap
#O7 phi  ps1v  ps1vg  ps2l  ps2r  ps2v  ps2vg  sl3b
#O8 sl3h  sl3hgap  sl3l  sl3r  sl3t  sl3v  sl3vgap  sl4b
#O9 sl4h  sl4hgap  sl4l  sl4r  sl4t  sl4v  sl4vgap  source_energy
#O10 und_en  undulator_gap  undulator_harmonic  undulator_phase  undulator_taper
#P0 1.0 0.0 94.72003936767578 20.7 23.61218044879222 1.000001086639748 4.433988431040599e-08 8.994574544622488e-05
#P1 -0.8900000000000006 -3.0 -0.71798828125 2 0.0 24 1 2300.0
#P2 0 1 1 516 -1 1000.0 2147483647.0 0.0
#P3 0 0 0 1556 4936.000965211868 0.0 25.839874999999992 11.232562499999998
#P4 0.06485081585081587 0.0295 3.906075 -21.0 -0.01 3.906075 3.9 3.9
#P5 19.95 0.60665 2.0 1.6066500000000001 -0.3933500000000001 22.95 21.45 3.0
#P6 19.45 -10.084000000000001 3.9999999999999964 -8.084000000000003 -12.084 23.450000000000003 21.450000000000003 4.0000000000000036
#P7 -0.160000000000025 0.38572000000000006 1.0 1.7031499999999995 0.4837600000000002 0.38651499999999994 0.8000000000000007 -0.09999999999999787
#P8 3.552713678800501e-15 0.20000000000000995 0.10000000000000853 -0.10000000000000142 0.09999999999999432 -1.7763568394002505e-15 0.19999999999999218 -2.043199999999999
#P9 -0.5645000000000024 4.0 1.4354999999999976 -2.5645000000000024 1.9567999999999977 -0.04320000000000057 3.9999999999999964 6.083441734313965
#P10 4886.21826171875 14.791000366210938 1 0.0 0.0
#N 13
#L Pt_No  omega  eh_c01  eh_t01  sl_mon_b_vol  sl_mon_t_vol  lmbd_countsroi1  lmbd_countsroi1_atten  lmbd_countsroi2  lmbd_countsroi2_atten  lmbd_countsroi3  lmbd_countsroi3_atten  dt
0 14.912840625000008 7221.0 0.5 0.033984375000000004 0.03359375 463.0 463.0 1908.0 1908.0 205.0 205.0 0.5536947250366211
1 14.913990625000004 7166.0 0.5 0.0346875 0.0325 491.0 491.0 1834.0 1834.0 216.0 216.0 1.1400291919708252
2 14.915115625000006 7354.0 0.5 0.03375 0.035546875 610.0 610.0 2036.0 2036.0 190.0 190.0 1.767500638961792
3 14.916337500000004 7207.0 0.5 0.03203125 0.035546875 812.0 812.0 2365.0 2365.0 195.0 195.0 2.4001588821411133
4 14.917437500000005 7158.0 0.5 0.031171875 0.03546875 996.0 996.0 2787.0 2787.0 238.0 238.0 3.0097270011901855
5 14.918634375000003 7328.0 0.5 0.030078125 0.032109375 1244.0 1244.0 3010.0 3010.0 227.0 227.0 3.6084086894989014
6 14.920050000000003 7188.0 0.5 0.033046875 0.03421875 1671.0 1671.0 3616.0 3616.0 195.0 195.0 4.326333522796631
7 14.921156250000003 7200.0 0.5 0.034453125 0.03390625 2105.0 2105.0 4281.0 4281.0 207.0 207.0 4.912994861602783
8 14.922459375000003 7168.0 0.5 0.0309375 0.033515625 3023.0 3023.0 5351.0 5351.0 227.0 227.0 5.608185768127441
9 14.923659375000007 7349.0 0.5 0.033203125 0.034609375 4052.0 4052.0 6661.0 6661.0 218.0 218.0 6.197056293487549
10 14.924750000000003 7266.0 0.5 0.0315625 0.034296875 5790.0 5790.0 8846.0 8846.0 207.0 207.0 6.801089286804199
11 14.92585312500001 7373.0 0.5 0.033671875000000004 0.03390625 9145.0 9145.0 12633.0 12633.0 201.0 201.0 7.415440082550049
12 14.927056250000007 7316.0 0.5 0.0328125 0.033515625 13865.0 13865.0 17406.0 17406.0 186.0 186.0 8.020386934280396
13 14.928240625000008 7438.0 0.5 0.03109375 0.03328125 21877.0 21877.0 25592.0 25592.0 224.0 224.0 8.586005687713623
14 14.929418750000004 7221.0 0.5 0.031953125 0.033359375000000004 40282.0 40282.0 43423.0 43423.0 204.0 204.0 9.240386962890625
15 14.930603125000005 7290.0 0.5 0.032265625 0.035390625 58707.0 58707.0 61073.0 61073.0 182.0 182.0 9.904882192611694
16 14.93180000000001 7260.0 0.5 0.0346875 0.033359375000000004 57360.0 57360.0 59150.0 59150.0 198.0 198.0 10.474031686782837
17 14.932909375000001 7290.0 0.5 0.03359375 0.035312500000000004 39031.0 39031.0 40393.0 40393.0 273.0 273.0 11.072741270065308
18 14.933996875000005 7310.0 0.5 0.03296875 0.0334375 23405.0 23405.0 24526.0 24526.0 202.0 202.0 11.661161184310913
19 14.935184375000006 7367.0 0.5 0.03390625 0.03484375 14735.0 14735.0 15755.0 15755.0 193.0 193.0 12.22981572151184
20 14.936178125000005 7300.0 0.5 0.03203125 0.0328125 9974.0 9974.0 10863.0 10863.0 244.0 244.0 12.771361827850342
21 14.937290625000003 7188.0 0.5 0.032734375 0.03375 7032.0 7032.0 7918.0 7918.0 219.0 219.0 13.353941202163696
22 14.938321875000007 7211.0 0.5 0.035078125 0.033125 5296.0 5296.0 5999.0 5999.0 202.0 202.0 13.888078689575195
23 14.939418750000009 7132.0 0.5 0.033828125 0.033671875000000004 4125.0 4125.0 4816.0 4816.0 205.0 205.0 14.468756675720215
24 14.940425000000005 7276.0 0.5 0.03390625 0.033671875000000004 3505.0 3505.0 4083.0 4083.0 210.0 210.0 15.025031328201294
25 14.94153750000001 7381.0 0.5 0.03390625 0.033828125 2740.0 2740.0 3344.0 3344.0 192.0 192.0 15.578046321868896
26 14.942628125000006 7472.0 0.5 0.033984375000000004 0.03109375 2290.0 2290.0 2837.0 2837.0 232.0 232.0 16.1519455909729
27 14.943646875000006 7324.0 0.5 0.031718750000000004 0.032578125 2009.0 2009.0 2574.0 2574.0 199.0 199.0 16.697224140167236
28 14.944853125000002 7073.0 0.5 0.03359375 0.031953125 1633.0 1633.0 2233.0 2233.0 201.0 201.0 17.293896675109863
29 14.946043750000001 7162.0 0.5 0.03578125 0.0340625 1395.0 1395.0 1897.0 1897.0 226.0 226.0 17.929178714752197
30 14.947240625000006 7354.0 0.5 0.0325 0.03234375 1292.0 1292.0 1777.0 1777.0 219.0 219.0 18.530858993530273
31 14.948428125000007 7355.0 0.5 0.034375 0.031406250000000004 1048.0 1048.0 1518.0 1518.0 222.0 222.0 19.140260696411133
32 14.949428125000004 7328.0 0.5 0.033828125 0.031328125 927.0 927.0 1393.0 1393.0 204.0 204.0 19.703405380249023
33 14.950628125000001 7226.0 0.5 0.034921875 0.032421875 841.0 841.0 1312.0 1312.0 217.0 217.0 20.291942596435547
34 14.951665625000004 7334.0 0.5 0.033828125 0.032578125 709.0 709.0 1221.0 1221.0 187.0 187.0 20.93632221221924
