#S 13559 ascan omega 14.8905 14.9305 40 0.5
#U p23user
#D Sun Jun 13 12:34:15 2021
#C Acquisition started at Sun Jun 13 12:34:15 2021
#O0 atten  attenpos  avg_beamcurrent  dcm_exitoffset  dcmbragg  diffractometer_h  diffractometer_k  diffractometer_l
#O1 gx  gy  gz  lmbd_compressionrate  lmbd_delaytime  lmbd_depth  lmbd_distortioncorrection  lmbd_energythreshold
#O2 lmbd_filestartnum  lmbd_framenumbers  lmbd_framesperfile  lmbd_height  lmbd_latestimagenumber  lmbd_shuttertime  lmbd_shuttertimemax  lmbd_shuttertimemin
#O3 lmbd_threadno  lmbd_totallossframes  lmbd_triggermode  lmbd_width  mnchrmtr  mono1roll  mono2par  mono2perp
#O4 mono2pitch  mono2roll  mono_height  monotrans  monoyaw  monoz1  monoz2  monoz3
#O5 ohsl1b  ohsl1h  ohsl1hgap  ohsl1l  ohsl1r  ohsl1t  ohsl1v  ohsl1vgap
#O6 ohsl2b  ohsl2h  ohsl2hgap  ohsl2l  ohsl2r  ohsl2t  ohsl2v  ohsl2vgap
#O7 phi  ps1v  ps1vg  ps2l  ps2r  ps2v  ps2vg  sl3b
#O8 sl3h  sl3hgap  sl3l  sl3r  sl3t  sl3v  sl3vgap  sl4b
#O9 sl4h  sl4hgap  sl4l  sl4r  sl4t  sl4v  sl4vgap  source_energy
#O10 und_en  undulator_gap  undulator_harmonic  undulator_phase  undulator_taper
#P0 1.0 0.0 94.87385559082031 20.7 23.576719475565675 0.9999998789175171 4.4339834842315317e-08 8.994565389149573e-05
#P1 -0.8900000000000006 -3.0 -0.71798828125 2 0.0 24 1 2300.0
#P2 0 1 1 516 -1 1000.0 2147483647.0 0.0
#P3 0 0 0 1556 4943.002071568401 0.0 25.876499999999993 11.2294375
#P4 0.06485081585081587 0.0295 3.906075 -21.0 -0.01 3.906075 3.9 3.9
#P5 19.95 0.60665 2.0 1.6066500000000001 -0.3933500000000001 22.95 21.45 3.0
#P6 19.45 -10.084000000000001 3.9999999999999964 -8.084000000000003 -12.084 23.450000000000003 21.450000000000003 4.0000000000000036
#P7 -0.160000000000025 0.38572000000000006 1.0 1.7031499999999995 0.4837600000000002 0.38651499999999994 0.8000000000000007 -0.09999999999999787
#P8 3.552713678800501e-15 0.20000000000000995 0.10000000000000853 -0.10000000000000142 0.09999999999999432 -1.7763568394002505e-15 0.19999999999999218 -2.043199999999999
#P9 -0.5645000000000024 4.0 1.4354999999999976 -2.5645000000000024 1.9567999999999977 -0.04320000000000057 3.9999999999999964 6.083441734313965
#P10 4892.9677734375 14.803000450134277 1 0.0 0.0
#N 13
#L Pt_No  omega  eh_c01  eh_t01  sl_mon_b_vol  sl_mon_t_vol  lmbd_countsroi1  lmbd_countsroi1_atten  lmbd_countsroi2  lmbd_countsroi2_atten  lmbd_countsroi3  lmbd_countsroi3_atten  dt
0 14.890887500000005 7487.0 0.5 0.036328125 0.031640625 8967.0 8967.0 36210.0 36210.0 240.0 240.0 0.5522053241729736
1 14.891946875000002 7538.0 0.5 0.034375 0.03125 10665.0 10665.0 39567.0 39567.0 235.0 235.0 1.140934705734253
2 14.893246875000003 7627.0 0.5 0.034921875 0.031640625 13571.0 13571.0 44051.0 44051.0 225.0 225.0 1.807844638824463
3 14.894446875000007 7566.0 0.5 0.03609375 0.03203125 17478.0 17478.0 50560.0 50560.0 206.0 206.0 2.4605071544647217
4 14.895846875000004 7465.0 0.5 0.032734375 0.030859375 22641.0 22641.0 58088.0 58088.0 205.0 205.0 3.171588897705078
5 14.897034375000004 7394.0 0.5 0.033828125 0.032734375 28019.0 28019.0 66296.0 66296.0 229.0 229.0 3.7848775386810303
6 14.89822500000001 7444.0 0.5 0.035546875 0.031796875 36605.0 36605.0 77603.0 77603.0 207.0 207.0 4.4238831996917725
7 14.899318750000006 7532.0 0.5 0.035078125 0.0315625 46938.0 46938.0 91498.0 91498.0 219.0 219.0 4.988680124282837
8 14.90051875000001 7575.0 0.5 0.037734375 0.03296875 63365.0 63365.0 111078.0 111078.0 224.0 224.0 5.6246254444122314
9 14.901724999999999 7466.0 0.5 0.032421875 0.0315625 84740.0 84740.0 137306.0 137306.0 235.0 235.0 6.251254558563232
10 14.902934375000008 7552.0 0.5 0.035 0.033125 120498.0 120498.0 178183.0 178183.0 216.0 216.0 6.8853394985198975
11 14.904153125000008 7488.0 0.5 0.034140625 0.0325 179474.0 179474.0 239224.0 239224.0 217.0 217.0 7.522767782211304
12 14.905265625000006 7430.0 0.5 0.0365625 0.03265625 261773.0 261773.0 323055.0 323055.0 203.0 203.0 8.10708475112915
13 14.906568750000005 7422.0 0.5 0.03484375 0.0334375 416570.0 416570.0 470083.0 470083.0 220.0 220.0 8.780996561050415
14 14.907653125000003 7543.0 0.5 0.0340625 0.032734375 599350.0 599350.0 640846.0 640846.0 232.0 232.0 9.372820138931274
15 14.908950000000004 7491.0 0.5 0.035312500000000004 0.032109375 741263.0 741263.0 771014.0 771014.0 264.0 264.0 10.020510911941528
16 14.910034375000002 7458.0 0.5 0.036953125 0.033125 720205.0 720205.0 742254.0 742254.0 185.0 185.0 10.557868003845215
17 14.911040625000005 7474.0 0.5 0.035312500000000004 0.031875 569435.0 569435.0 587946.0 587946.0 234.0 234.0 11.131992816925049
18 14.912234375000004 7506.0 0.5 0.034375 0.031015625 406704.0 406704.0 423069.0 423069.0 218.0 218.0 11.73721718788147
19 14.913421875000004 7406.0 0.5 0.033671875000000004 0.031796875 283380.0 283380.0 297752.0 297752.0 262.0 262.0 12.327964782714844
20 14.914625000000001 7530.0 0.5 0.032734375 0.033203125 191332.0 191332.0 203775.0 203775.0 210.0 210.0 13.018378734588623
21 14.91583125000001 7557.0 0.5 0.03515625 0.03390625 140350.0 140350.0 151595.0 151595.0 224.0 224.0 13.621406555175781
22 14.917034375000007 7343.0 0.5 0.0346875 0.03203125 107502.0 107502.0 117640.0 117640.0 232.0 232.0 14.229912757873535
23 14.918228125000006 7501.0 0.5 0.0340625 0.032578125 84439.0 84439.0 93642.0 93642.0 243.0 243.0 14.849297046661377
24 14.919418750000006 7269.0 0.5 0.035 0.032421875 67305.0 67305.0 75913.0 75913.0 221.0 221.0 15.479759454727173
25 14.920503125000003 7361.0 0.5 0.0340625 0.031718750000000004 56248.0 56248.0 64641.0 64641.0 215.0 215.0 16.067902088165283
26 14.921596875000006 7405.0 0.5 0.0334375 0.031796875 47035.0 47035.0 54934.0 54934.0 246.0 246.0 16.662285089492798
27 14.922787500000005 7393.0 0.5 0.034765625 0.033046875 40366.0 40366.0 47813.0 47813.0 226.0 226.0 17.257807731628418
28 14.923996875000007 7456.0 0.5 0.03515625 0.033046875 34866.0 34866.0 42019.0 42019.0 214.0 214.0 17.855499982833862
29 14.925000000000004 7624.0 0.5 0.0334375 0.03296875 30500.0 30500.0 37690.0 37690.0 228.0 228.0 18.444181203842163
30 14.926184375000005 7477.0 0.5 0.032734375 0.033984375000000004 26817.0 26817.0 33728.0 33728.0 236.0 236.0 18.99908947944641
31 14.927571875000005 7498.0 0.5 0.033984375000000004 0.034765625 23020.0 23020.0 30022.0 30022.0 233.0 233.0 19.735567808151245
32 14.928756250000006 7467.0 0.5 0.03234375 0.033125 19495.0 19495.0 26532.0 26532.0 233.0 233.0 20.423768997192383
33 14.929721875000006 7491.0 0.5 0.033984375000000004 0.033984375000000004 17172.0 17172.0 24824.0 24824.0 201.0 201.0 21.036322832107544
