#S 13563 ascan omega 14.8780 14.9180 40 0.5
#U p23user
#D Sun Jun 13 12:36:51 2021
#C Acquisition started at Sun Jun 13 12:36:51 2021
#O0 atten  attenpos  avg_beamcurrent  dcm_exitoffset  dcmbragg  diffractometer_h  diffractometer_k  diffractometer_l
#O1 gx  gy  gz  lmbd_compressionrate  lmbd_delaytime  lmbd_depth  lmbd_distortioncorrection  lmbd_energythreshold
#O2 lmbd_filestartnum  lmbd_framenumbers  lmbd_framesperfile  lmbd_height  lmbd_latestimagenumber  lmbd_shuttertime  lmbd_shuttertimemax  lmbd_shuttertimemin
#O3 lmbd_threadno  lmbd_totallossframes  lmbd_triggermode  lmbd_width  mnchrmtr  mono1roll  mono2par  mono2perp
#O4 mono2pitch  mono2roll  mono_height  monotrans  monoyaw  monoz1  monoz2  monoz3
#O5 ohsl1b  ohsl1h  ohsl1hgap  ohsl1l  ohsl1r  ohsl1t  ohsl1v  ohsl1vgap
#O6 ohsl2b  ohsl2h  ohsl2hgap  ohsl2l  ohsl2r  ohsl2t  ohsl2v  ohsl2vgap
#O7 phi  ps1v  ps1vg  ps2l  ps2r  ps2v  ps2vg  sl3b
#O8 sl3h  sl3hgap  sl3l  sl3r  sl3t  sl3v  sl3vgap  sl4b
#O9 sl4h  sl4hgap  sl4l  sl4r  sl4t  sl4v  sl4vgap  source_energy
#O10 und_en  undulator_gap  undulator_harmonic  undulator_phase  undulator_taper
#P0 1.0 0.0 94.14457702636719 20.7 23.55650195222422 1.0000008585539102 4.433990779348582e-08 8.994576767510868e-05
#P1 -0.8900000000000006 -3.0 -0.71798828125 2 0.0 24 1 2300.0
#P2 0 1 1 516 -1 1000.0 2147483647.0 0.0
#P3 0 0 0 1556 4946.998988763013 0.0 25.897437499999995 11.227625
#P4 0.06485081585081587 0.0295 3.906075 -21.0 -0.01 3.906075 3.9 3.9
#P5 19.95 0.60665 2.0 1.6066500000000001 -0.3933500000000001 22.95 21.45 3.0
#P6 19.45 -10.084000000000001 3.9999999999999964 -8.084000000000003 -12.084 23.450000000000003 21.450000000000003 4.0000000000000036
#P7 -0.160000000000025 0.38572000000000006 1.0 1.7031499999999995 0.4837600000000002 0.38651499999999994 0.8000000000000007 -0.09999999999999787
#P8 3.552713678800501e-15 0.20000000000000995 0.10000000000000853 -0.10000000000000142 0.09999999999999432 -1.7763568394002505e-15 0.19999999999999218 -2.043199999999999
#P9 -0.5645000000000024 4.0 1.4354999999999976 -2.5645000000000024 1.9567999999999977 -0.04320000000000057 3.9999999999999964 6.083441734313965
#P10 4896.90478515625 14.8100004196167 1 0.0 0.0
#N 13
#L Pt_No  omega  eh_c01  eh_t01  sl_mon_b_vol  sl_mon_t_vol  lmbd_countsroi1  lmbd_countsroi1_atten  lmbd_countsroi2  lmbd_countsroi2_atten  lmbd_countsroi3  lmbd_countsroi3_atten  dt
0 14.878400000000006 7551.0 0.5 0.03328125 0.032421875 1435.0 1435.0 5643.0 5643.0 215.0 215.0 0.5450375080108643
1 14.879528125000007 7404.0 0.5 0.034296875 0.0340625 1657.0 1657.0 5826.0 5826.0 229.0 229.0 1.1797552108764648
2 14.880625000000009 7425.0 0.5 0.03265625 0.033515625 2103.0 2103.0 6659.0 6659.0 205.0 205.0 1.7486963272094727
3 14.881715625000005 7440.0 0.5 0.0334375 0.032734375 2616.0 2616.0 7230.0 7230.0 183.0 183.0 2.3501269817352295
4 14.882903125000006 7478.0 0.5 0.034609375 0.033984375000000004 3137.0 3137.0 8124.0 8124.0 208.0 208.0 2.95636248588562
5 14.884106250000002 7596.0 0.5 0.034921875 0.033359375000000004 3866.0 3866.0 9297.0 9297.0 211.0 211.0 3.5392062664031982
6 14.885303125000007 7513.0 0.5 0.033984375000000004 0.0325 5022.0 5022.0 10869.0 10869.0 210.0 210.0 4.167925596237183
7 14.886484375000002 7612.0 0.5 0.0334375 0.034921875 6537.0 6537.0 12881.0 12881.0 216.0 216.0 4.797972202301025
8 14.88767187500001 7526.0 0.5 0.033359375000000004 0.03390625 8733.0 8733.0 15573.0 15573.0 254.0 254.0 5.396454334259033
9 14.888681250000005 7412.0 0.5 0.032734375 0.034453125 11167.0 11167.0 18765.0 18765.0 202.0 202.0 5.98371958732605
10 14.889887500000007 7514.0 0.5 0.034296875 0.034453125 15778.0 15778.0 24125.0 24125.0 199.0 199.0 6.613186836242676
11 14.891081250000006 7508.0 0.5 0.035390625 0.033046875 23785.0 23785.0 32760.0 32760.0 216.0 216.0 7.239472150802612
12 14.892290625000008 7504.0 0.5 0.03453125 0.03359375 34944.0 34944.0 44206.0 44206.0 202.0 202.0 7.814542293548584
13 14.893506250000002 7504.0 0.5 0.032578125 0.0346875 55081.0 55081.0 64236.0 64236.0 215.0 215.0 8.455096006393433
14 14.894506250000006 7690.0 0.5 0.03265625 0.03390625 88274.0 88274.0 96038.0 96038.0 215.0 215.0 9.037858247756958
15 14.895696875000006 7658.0 0.5 0.03421875 0.03484375 136573.0 136573.0 143093.0 143093.0 217.0 217.0 9.61824917793274
16 14.896800000000006 7586.0 0.5 0.0340625 0.0334375 170295.0 170295.0 175282.0 175282.0 221.0 221.0 10.19542407989502
17 14.897918750000002 7493.0 0.5 0.031875 0.03390625 158195.0 158195.0 162132.0 162132.0 191.0 191.0 10.770214796066284
18 14.899031250000007 7620.0 0.5 0.033671875000000004 0.032578125 113564.0 113564.0 117042.0 117042.0 207.0 207.0 11.363090753555298
19 14.900140625000006 7472.0 0.5 0.032734375 0.03453125 73826.0 73826.0 76846.0 76846.0 228.0 228.0 11.926977157592773
20 14.901350000000008 7494.0 0.5 0.03546875 0.033515625 47522.0 47522.0 49997.0 49997.0 242.0 242.0 12.537028551101685
21 14.902350000000006 7447.0 0.5 0.033125 0.033984375000000004 32483.0 32483.0 34625.0 34625.0 206.0 206.0 13.116113424301147
22 14.903537500000006 7480.0 0.5 0.034921875 0.0340625 22634.0 22634.0 24593.0 24593.0 234.0 234.0 13.754822731018066
23 14.904731250000005 7459.0 0.5 0.033671875000000004 0.03421875 17004.0 17004.0 18835.0 18835.0 240.0 240.0 14.340254545211792
24 14.906140625000006 7423.0 0.5 0.0334375 0.033203125 12486.0 12486.0 14134.0 14134.0 206.0 206.0 15.040269136428833
25 14.907134375000005 7457.0 0.5 0.0325 0.034296875 10228.0 10228.0 11762.0 11762.0 231.0 231.0 15.62507677078247
26 14.908334375000003 7573.0 0.5 0.03390625 0.033046875 8447.0 8447.0 9848.0 9848.0 197.0 197.0 16.236607551574707
27 14.90953125 7538.0 0.5 0.03265625 0.03265625 6959.0 6959.0 8279.0 8279.0 207.0 207.0 16.874573707580566
28 14.910725000000006 7617.0 0.5 0.032109375 0.033203125 5845.0 5845.0 7145.0 7145.0 230.0 230.0 17.46020793914795
29 14.911821875000008 7608.0 0.5 0.031796875 0.03296875 5090.0 5090.0 6295.0 6295.0 201.0 201.0 18.047199010849
30 14.91284375 7493.0 0.5 0.03375 0.0340625 4472.0 4472.0 5707.0 5707.0 207.0 207.0 18.578075408935547
31 14.913959375000005 7523.0 0.5 0.032734375 0.033515625 4048.0 4048.0 5290.0 5290.0 218.0 218.0 19.137662410736084
32 14.915146875000005 7609.0 0.5 0.035234375 0.03375 3457.0 3457.0 4660.0 4660.0 202.0 202.0 19.750832319259644
33 14.916150000000002 7543.0 0.5 0.033984375000000004 0.032578125 3114.0 3114.0 4450.0 4450.0 204.0 204.0 20.32564401626587
34 14.917375000000007 7506.0 0.5 0.03296875 0.033828125 2613.0 2613.0 3947.0 3947.0 197.0 197.0 20.928712844848633
35 14.918000000000006 7437.0 0.5 0.034375 0.034765625 2490.0 2490.0 3931.0 3931.0 227.0 227.0 21.59311056137085
