#S 13584 ascan omega 14.8127 14.8527 40 0.5
#U p23user
#D Sun Jun 13 12:50:29 2021
#C Acquisition started at Sun Jun 13 12:50:29 2021
#O0 atten  attenpos  avg_beamcurrent  dcm_exitoffset  dcmbragg  diffractometer_h  diffractometer_k  diffractometer_l
#O1 gx  gy  gz  lmbd_compressionrate  lmbd_delaytime  lmbd_depth  lmbd_distortioncorrection  lmbd_energythreshold
#O2 lmbd_filestartnum  lmbd_framenumbers  lmbd_framesperfile  lmbd_height  lmbd_latestimagenumber  lmbd_shuttertime  lmbd_shuttertimemax  lmbd_shuttertimemin
#O3 lmbd_threadno  lmbd_totallossframes  lmbd_triggermode  lmbd_width  mnchrmtr  mono1roll  mono2par  mono2perp
#O4 mono2pitch  mono2roll  mono_height  monotrans  monoyaw  monoz1  monoz2  monoz3
#O5 ohsl1b  ohsl1h  ohsl1hgap  ohsl1l  ohsl1r  ohsl1t  ohsl1v  ohsl1vgap
#O6 ohsl2b  ohsl2h  ohsl2hgap  ohsl2l  ohsl2r  ohsl2t  ohsl2v  ohsl2vgap
#O7 phi  ps1v  ps1vg  ps2l  ps2r  ps2v  ps2vg  sl3b
#O8 sl3h  sl3hgap  sl3l  sl3r  sl3t  sl3v  sl3vgap  sl4b
#O9 sl4h  sl4hgap  sl4l  sl4r  sl4t  sl4v  sl4vgap  source_energy
#O10 und_en  undulator_gap  undulator_harmonic  undulator_phase  undulator_taper
#P0 1.0 0.0 94.77310943603516 20.7 23.45095217135934 1.0000008570522627 4.4339882319728416e-08 8.994571609199967e-05
#P1 -0.8900000000000006 -3.0 -0.71798828125 2 0.0 24 1 2300.0
#P2 0 1 1 516 -1 1000.0 2147483647.0 0.0
#P3 0 0 0 1556 4968.001024203772 0.0 26.007374999999996 11.2183125
#P4 0.06485081585081587 0.0295 3.906075 -21.0 -0.01 3.906075 3.9 3.9
#P5 19.95 0.60665 2.0 1.6066500000000001 -0.3933500000000001 22.95 21.45 3.0
#P6 19.45 -10.084000000000001 3.9999999999999964 -8.084000000000003 -12.084 23.450000000000003 21.450000000000003 4.0000000000000036
#P7 -0.160000000000025 0.38572000000000006 1.0 1.7031499999999995 0.4837600000000002 0.38651499999999994 0.8000000000000007 -0.09999999999999787
#P8 3.552713678800501e-15 0.20000000000000995 0.10000000000000853 -0.10000000000000142 0.09999999999999432 -1.7763568394002505e-15 0.19999999999999218 -2.043199999999999
#P9 -0.5645000000000024 4.0 1.4354999999999976 -2.5645000000000024 1.9567999999999977 -0.04320000000000057 3.9999999999999964 6.083469867706299
#P10 4917.7255859375 14.847000122070312 1 0.0 0.0
#N 13
#L Pt_No  omega  eh_c01  eh_t01  sl_mon_b_vol  sl_mon_t_vol  lmbd_countsroi1  lmbd_countsroi1_atten  lmbd_countsroi2  lmbd_countsroi2_atten  lmbd_countsroi3  lmbd_countsroi3_atten  dt
0 14.813096875000006 7929.0 0.5 0.032421875 0.036640625 351.0 351.0 1457.0 1457.0 287.0 287.0 0.5486335754394531
1 14.814240625000004 8132.0 0.5 0.032265625 0.038359375 398.0 398.0 1559.0 1559.0 248.0 248.0 1.1655809879302979
2 14.815434375000002 7789.0 0.5 0.033203125 0.035937500000000004 502.0 502.0 1687.0 1687.0 246.0 246.0 1.7765750885009766
3 14.816625000000002 8059.0 0.5 0.034609375 0.033125 488.0 488.0 1653.0 1653.0 238.0 238.0 2.410804510116577
4 14.817809375000003 8061.0 0.5 0.032890625 0.032734375 747.0 747.0 1983.0 1983.0 217.0 217.0 3.0447850227355957
5 14.818887500000002 8044.0 0.5 0.034296875 0.034921875 802.0 802.0 2143.0 2143.0 221.0 221.0 3.60044527053833
6 14.820171875000007 8003.0 0.5 0.03265625 0.03296875 1190.0 1190.0 2620.0 2620.0 234.0 234.0 4.303996562957764
7 14.821278125000006 8040.0 0.5 0.034375 0.03453125 1502.0 1502.0 3047.0 3047.0 237.0 237.0 4.855324745178223
8 14.822500000000005 8092.0 0.5 0.034140625 0.0328125 1994.0 1994.0 3594.0 3594.0 214.0 214.0 5.491424083709717
9 14.82361250000001 7951.0 0.5 0.03234375 0.035390625 2628.0 2628.0 4395.0 4395.0 217.0 217.0 6.081968307495117
10 14.824625000000005 7962.0 0.5 0.033671875000000004 0.03453125 3633.0 3633.0 5588.0 5588.0 245.0 245.0 6.6312031745910645
11 14.825831250000007 8067.0 0.5 0.03390625 0.031796875 5843.0 5843.0 8327.0 8327.0 224.0 224.0 7.256463050842285
12 14.827037500000003 8053.0 0.5 0.034609375 0.030546875 8755.0 8755.0 11142.0 11142.0 223.0 223.0 7.896879434585571
13 14.828246875000005 8034.0 0.5 0.03578125 0.03375 13397.0 13397.0 15685.0 15685.0 247.0 247.0 8.506428956985474
14 14.829440625000004 8061.0 0.5 0.033828125 0.0328125 22112.0 22112.0 24172.0 24172.0 204.0 204.0 9.078356981277466
15 14.830449999999999 8219.0 0.5 0.0365625 0.0340625 34697.0 34697.0 36317.0 36317.0 230.0 230.0 9.653548240661621
16 14.831575 7979.0 0.5 0.0346875 0.0328125 41101.0 41101.0 42404.0 42404.0 215.0 215.0 10.231939554214478
17 14.832684375000007 8154.0 0.5 0.033828125 0.03359375 33713.0 33713.0 34775.0 34775.0 229.0 229.0 10.863715171813965
18 14.833875000000006 8060.0 0.5 0.03453125 0.0340625 21584.0 21584.0 22515.0 22515.0 242.0 242.0 11.463650465011597
19 14.835165625000009 8054.0 0.5 0.034921875 0.033984375000000004 12365.0 12365.0 13178.0 13178.0 216.0 216.0 12.112267971038818
20 14.836443750000008 8029.0 0.5 0.033515625 0.03515625 8078.0 8078.0 8780.0 8780.0 222.0 222.0 12.737480163574219
21 14.837440625000006 8073.0 0.5 0.034921875 0.033984375000000004 5594.0 5594.0 6294.0 6294.0 222.0 222.0 13.295658826828003
22 14.83867500000001 8062.0 0.5 0.034765625 0.033203125 4108.0 4108.0 4670.0 4670.0 230.0 230.0 13.909059286117554
23 14.83968750000001 8000.0 0.5 0.033828125 0.034921875 3077.0 3077.0 3674.0 3674.0 239.0 239.0 14.497224807739258
24 14.840906250000003 8229.0 0.5 0.036484375 0.033828125 2516.0 2516.0 3056.0 3056.0 219.0 219.0 15.132673025131226
25 14.842137500000007 8091.0 0.5 0.035390625 0.033515625 1996.0 1996.0 2446.0 2446.0 217.0 217.0 15.74266266822815
26 14.843156250000007 8039.0 0.5 0.034609375 0.03328125 1600.0 1600.0 2056.0 2056.0 233.0 233.0 16.32077383995056
27 14.844350000000006 8216.0 0.5 0.033046875 0.032734375 1426.0 1426.0 1884.0 1884.0 225.0 225.0 16.915903568267822
28 14.845537500000006 8028.0 0.5 0.036328125 0.034296875 1151.0 1151.0 1532.0 1532.0 214.0 214.0 17.509191274642944
29 14.846534375000005 7884.0 0.5 0.03328125 0.032734375 1051.0 1051.0 1514.0 1514.0 254.0 254.0 18.070789575576782
30 14.847631250000006 8181.0 0.5 0.032421875 0.035078125 976.0 976.0 1445.0 1445.0 188.0 188.0 18.639078378677368
31 14.848734375000006 8006.0 0.5 0.0334375 0.0321875 828.0 828.0 1354.0 1354.0 223.0 223.0 19.20473051071167
32 14.850084375000002 8214.0 0.5 0.03453125 0.033125 699.0 699.0 1173.0 1173.0 242.0 242.0 19.909804105758667
33 14.851171875000006 8156.0 0.5 0.03453125 0.03328125 641.0 641.0 1067.0 1067.0 241.0 241.0 20.489224195480347
34 14.85228437500001 8039.0 0.5 0.03359375 0.033125 521.0 521.0 990.0 990.0 199.0 199.0 21.14386749267578
