#S 13562 ascan omega 14.8811 14.9211 40 0.5
#U p23user
#D Sun Jun 13 12:36:12 2021
#C Acquisition started at Sun Jun 13 12:36:12 2021
#O0 atten  attenpos  avg_beamcurrent  dcm_exitoffset  dcmbragg  diffractometer_h  diffractometer_k  diffractometer_l
#O1 gx  gy  gz  lmbd_compressionrate  lmbd_delaytime  lmbd_depth  lmbd_distortioncorrection  lmbd_energythreshold
#O2 lmbd_filestartnum  lmbd_framenumbers  lmbd_framesperfile  lmbd_height  lmbd_latestimagenumber  lmbd_shuttertime  lmbd_shuttertimemax  lmbd_shuttertimemin
#O3 lmbd_threadno  lmbd_totallossframes  lmbd_triggermode  lmbd_width  mnchrmtr  mono1roll  mono2par  mono2perp
#O4 mono2pitch  mono2roll  mono_height  monotrans  monoyaw  monoz1  monoz2  monoz3
#O5 ohsl1b  ohsl1h  ohsl1hgap  ohsl1l  ohsl1r  ohsl1t  ohsl1v  ohsl1vgap
#O6 ohsl2b  ohsl2h  ohsl2hgap  ohsl2l  ohsl2r  ohsl2t  ohsl2v  ohsl2vgap
#O7 phi  ps1v  ps1vg  ps2l  ps2r  ps2v  ps2vg  sl3b
#O8 sl3h  sl3hgap  sl3l  sl3r  sl3t  sl3v  sl3vgap  sl4b
#O9 sl4h  sl4hgap  sl4l  sl4r  sl4t  sl4v  sl4vgap  source_energy
#O10 und_en  undulator_gap  undulator_harmonic  undulator_phase  undulator_taper
#P0 1.0 0.0 94.85001373291016 20.7 23.561557521012137 1.0000010281484362 4.9245409899969936e-08 9.011840554853207e-05
#P1 -0.8900000000000006 -3.0 -0.71798828125 2 0.0 24 1 2300.0
#P2 0 1 1 516 -1 1000.0 2147483647.0 0.0
#P3 0 0 0 1556 4946.000564850468 0.0 25.89218749999999 11.22809375
#P4 0.06485081585081587 0.0295 3.906075 -21.0 -0.01 3.906075 3.9 3.9
#P5 19.95 0.60665 2.0 1.6066500000000001 -0.3933500000000001 22.95 21.45 3.0
#P6 19.45 -10.084000000000001 3.9999999999999964 -8.084000000000003 -12.084 23.450000000000003 21.450000000000003 4.0000000000000036
#P7 -0.160000000000025 0.38572000000000006 1.0 1.7031499999999995 0.4837600000000002 0.38651499999999994 0.8000000000000007 -0.09999999999999787
#P8 3.552713678800501e-15 0.20000000000000995 0.10000000000000853 -0.10000000000000142 0.09999999999999432 -1.7763568394002505e-15 0.19999999999999218 -2.043199999999999
#P9 -0.5645000000000024 4.0 1.4354999999999976 -2.5645000000000024 1.9567999999999977 -0.04320000000000057 3.9999999999999964 6.083469867706299
#P10 4895.779296875 14.807999610900879 1 0.0 0.0
#N 13
#L Pt_No  omega  eh_c01  eh_t01  sl_mon_b_vol  sl_mon_t_vol  lmbd_countsroi1  lmbd_countsroi1_atten  lmbd_countsroi2  lmbd_countsroi2_atten  lmbd_countsroi3  lmbd_countsroi3_atten  dt
0 14.881540625000007 7344.0 0.5 0.033828125 0.032890625 1283.0 1283.0 4890.0 4890.0 227.0 227.0 0.5222728252410889
1 14.882503125000007 7424.0 0.5 0.032109375 0.031406250000000004 1551.0 1551.0 5257.0 5257.0 196.0 196.0 1.0800457000732422
2 14.883703125000004 7628.0 0.5 0.035703125 0.03328125 1770.0 1770.0 5655.0 5655.0 220.0 220.0 1.6658639907836914
3 14.88480937500001 7392.0 0.5 0.031796875 0.034375 2149.0 2149.0 6378.0 6378.0 223.0 223.0 2.260026454925537
4 14.885900000000007 7464.0 0.5 0.033515625 0.0325 2790.0 2790.0 7459.0 7459.0 207.0 207.0 2.8603272438049316
5 14.887278125000002 7488.0 0.5 0.0346875 0.03421875 3572.0 3572.0 8454.0 8454.0 205.0 205.0 3.5578675270080566
6 14.888371875000004 7450.0 0.5 0.032421875 0.033359375000000004 4432.0 4432.0 9602.0 9602.0 208.0 208.0 4.129074811935425
7 14.889403125000001 7445.0 0.5 0.033046875 0.03375 5521.0 5521.0 11149.0 11149.0 199.0 199.0 4.667163372039795
8 14.89053125000001 7553.0 0.5 0.0340625 0.033671875000000004 7291.0 7291.0 13179.0 13179.0 227.0 227.0 5.277462482452393
9 14.891765625000005 7398.0 0.5 0.033984375000000004 0.03515625 9708.0 9708.0 16165.0 16165.0 222.0 222.0 5.909403085708618
10 14.893 7584.0 0.5 0.0328125 0.03421875 13310.0 13310.0 20644.0 20644.0 208.0 208.0 6.53169059753418
11 14.894012500000002 7555.0 0.5 0.032109375 0.03421875 18873.0 18873.0 26728.0 26728.0 226.0 226.0 7.0925679206848145
12 14.895203125000009 7430.0 0.5 0.033984375000000004 0.0340625 28165.0 28165.0 36289.0 36289.0 227.0 227.0 7.70479154586792
13 14.896209375000005 7478.0 0.5 0.030078125 0.035234375 40812.0 40812.0 49198.0 49198.0 209.0 209.0 8.256798028945923
14 14.897334375 7324.0 0.5 0.03484375 0.035078125 64993.0 64993.0 72336.0 72336.0 206.0 206.0 8.826901197433472
15 14.898656250000002 7442.0 0.5 0.031718750000000004 0.033515625 106472.0 106472.0 112318.0 112318.0 231.0 231.0 9.491973161697388
16 14.899846875000009 7541.0 0.5 0.032109375 0.035312500000000004 140263.0 140263.0 144589.0 144589.0 206.0 206.0 10.137110948562622
17 14.901137500000004 7487.0 0.5 0.033671875000000004 0.031875 129817.0 129817.0 133200.0 133200.0 187.0 187.0 10.797832489013672
18 14.902240625000012 7738.0 0.5 0.03359375 0.032421875 92358.0 92358.0 95183.0 95183.0 230.0 230.0 11.399874210357666
19 14.903340625000006 7500.0 0.5 0.03453125 0.034765625 61649.0 61649.0 64218.0 64218.0 214.0 214.0 11.95933198928833
20 14.904443750000006 7508.0 0.5 0.0315625 0.03265625 40586.0 40586.0 42778.0 42778.0 214.0 214.0 12.531094789505005
21 14.905656250000007 7496.0 0.5 0.03328125 0.034296875 27390.0 27390.0 29358.0 29358.0 179.0 179.0 13.14681625366211
22 14.906671875000008 7554.0 0.5 0.03484375 0.03328125 19874.0 19874.0 21658.0 21658.0 213.0 213.0 13.72266960144043
23 14.907809375 7372.0 0.5 0.033984375000000004 0.033125 15275.0 15275.0 16919.0 16919.0 226.0 226.0 14.297213792800903
24 14.909021875 7323.0 0.5 0.031875 0.03375 11764.0 11764.0 13244.0 13244.0 214.0 214.0 14.932870388031006
25 14.910137500000005 7493.0 0.5 0.032890625 0.035 9446.0 9446.0 10806.0 10806.0 197.0 197.0 15.531631469726562
26 14.911353124999998 7525.0 0.5 0.0325 0.035859375 7603.0 7603.0 8861.0 8861.0 213.0 213.0 16.121816396713257
27 14.912381250000003 7525.0 0.5 0.03515625 0.033515625 6479.0 6479.0 7674.0 7674.0 208.0 208.0 16.66586399078369
28 14.913428125000003 7654.0 0.5 0.03515625 0.032578125 5443.0 5443.0 6603.0 6603.0 221.0 221.0 17.23513150215149
29 14.914446875000003 7465.0 0.5 0.031484375 0.033984375000000004 4717.0 4717.0 5897.0 5897.0 221.0 221.0 17.809584617614746
30 14.915725000000009 7458.0 0.5 0.03125 0.03421875 4155.0 4155.0 5269.0 5269.0 202.0 202.0 18.434040546417236
31 14.916828125000002 7586.0 0.5 0.03296875 0.0315625 3585.0 3585.0 4690.0 4690.0 215.0 215.0 19.034024477005005
32 14.918234375000004 7514.0 0.5 0.03296875 0.033828125 3128.0 3128.0 4243.0 4243.0 220.0 220.0 19.7595055103302
33 14.919418750000006 7369.0 0.5 0.033046875 0.03484375 2757.0 2757.0 3929.0 3929.0 230.0 230.0 20.332932472229004
34 14.920403125000007 7532.0 0.5 0.033984375000000004 0.031875 2343.0 2343.0 3579.0 3579.0 191.0 191.0 20.904937267303467
35 14.921000000000006 7600.0 0.5 0.03265625 0.03296875 2241.0 2241.0 3435.0 3435.0 193.0 193.0 21.50214123725891
