#S 13528 ascan omega 30.9582 30.9982 40 0.5
#U p23user
#D Sun Jun 13 11:59:58 2021
#C Acquisition started at Sun Jun 13 11:59:58 2021
#O0 atten  attenpos  avg_beamcurrent  dcm_exitoffset  dcmbragg  diffractometer_h  diffractometer_k  diffractometer_l
#O1 gx  gy  gz  lmbd_compressionrate  lmbd_delaytime  lmbd_depth  lmbd_distortioncorrection  lmbd_energythreshold
#O2 lmbd_filestartnum  lmbd_framenumbers  lmbd_framesperfile  lmbd_height  lmbd_latestimagenumber  lmbd_shuttertime  lmbd_shuttertimemax  lmbd_shuttertimemin
#O3 lmbd_threadno  lmbd_totallossframes  lmbd_triggermode  lmbd_width  mnchrmtr  mono1roll  mono2par  mono2perp
#O4 mono2pitch  mono2roll  mono_height  monotrans  monoyaw  monoz1  monoz2  monoz3
#O5 ohsl1b  ohsl1h  ohsl1hgap  ohsl1l  ohsl1r  ohsl1t  ohsl1v  ohsl1vgap
#O6 ohsl2b  ohsl2h  ohsl2hgap  ohsl2l  ohsl2r  ohsl2t  ohsl2v  ohsl2vgap
#O7 phi  ps1v  ps1vg  ps2l  ps2r  ps2v  ps2vg  sl3b
#O8 sl3h  sl3hgap  sl3l  sl3r  sl3t  sl3v  sl3vgap  sl4b
#O9 sl4h  sl4hgap  sl4l  sl4r  sl4t  sl4v  sl4vgap  source_energy
#O10 und_en  undulator_gap  undulator_harmonic  undulator_phase  undulator_taper
#P0 57.591953417033274 10.0 94.43982696533203 20.7 23.39605236429207 2.000000667456691 1.1046471198881488e-07 3.22075253523057e-08
#P1 -0.8900000000000006 -3.0 -0.71798828125 2 0.0 24 1 2300.0
#P2 0 1 1 516 -1 500.0 2147483647.0 0.0
#P3 0 0 0 1556 4978.9992528925495 0.0 26.064999999999998 11.213499999999998
#P4 0.06485081585081587 0.0295 3.906075 -21.0 -0.01 3.906075 3.9 3.9
#P5 19.95 0.60665 2.0 1.6066500000000001 -0.3933500000000001 22.95 21.45 3.0
#P6 19.45 -10.084000000000001 3.9999999999999964 -8.084000000000003 -12.084 23.450000000000003 21.450000000000003 4.0000000000000036
#P7 0.0 0.38572000000000006 1.0 1.7031499999999995 0.4837600000000002 0.38651499999999994 0.8000000000000007 -0.09999999999999787
#P8 3.552713678800501e-15 0.20000000000000995 0.10000000000000853 -0.10000000000000142 0.09999999999999432 -1.7763568394002505e-15 0.19999999999999218 -2.043199999999999
#P9 -0.5645000000000024 4.0 1.4354999999999976 -2.5645000000000024 1.9567999999999977 -0.04320000000000057 3.9999999999999964 6.083441734313965
#P10 4928.421875 14.866000175476074 1 0.0 0.0
#N 13
#L Pt_No  omega  eh_c01  eh_t01  sl_mon_b_vol  sl_mon_t_vol  lmbd_countsroi1  lmbd_countsroi1_atten  lmbd_countsroi2  lmbd_countsroi2_atten  lmbd_countsroi3  lmbd_countsroi3_atten  dt
0 30.958603125000003 8122.0 0.5 0.03390625 0.035 96097.0 5534396.764613202 194695.0 11212830.557523828 48.0 2764.405181238058 0.5488390922546387
1 30.959662500000004 8236.0 0.5 0.034453125 0.034296875 124569.0 7174179.469862506 232281.0 13377530.376250373 54.0 3109.9687030687837 1.14853835105896
2 30.960771875000006 8105.0 0.5 0.036328125 0.034453125 165257.0 9517463.596075704 283859.0 16347977.386243569 36.0 2073.3081773160916 1.7430412769317627
3 30.961981250000004 7986.0 0.5 0.03453125 0.033515625 226691.0 13055564.000665616 358464.0 20644620.6242621 59.0 3397.921735045817 2.366655111312866
4 30.963178125000002 8257.0 0.5 0.035312500000000004 0.033203125 319891.0 18423109.437815 472684.0 27222738.562523313 52.0 2994.775379008412 2.9651248455047607
5 30.964468750000005 8089.0 0.5 0.034609375 0.03703125 519402.0 29913375.788713917 705506.0 40631468.687437475 53.0 3052.3735311027635 3.647584915161133
6 30.965562500000004 8199.0 0.5 0.034609375 0.035546875 871670.0 50201178.035025395 1101977.0 63465008.05064207 45.0 2591.6379037664974 4.250199317932129
7 30.966762500000005 8342.0 0.5 0.031875 0.033828125 1407453.0 81057883.72466849 1651592.0 95118311.08860663 52.0 2994.778478345466 4.848360300064087
8 30.967781250000005 8073.0 0.5 0.036484375 0.034296875 1927541.0 111010277.04939637 2119084.0 122041555.50047602 73.0 4204.190844503923 5.406398296356201
9 30.969000000000005 8108.0 0.5 0.03453125 0.034609375 2298654.0 132384385.10866387 2427774.0 139820681.2216198 67.0 3858.6728591081906 6.038209438323975
10 30.970115625000002 8156.0 0.5 0.035312500000000004 0.035 2223925.0 128079522.2447039 2323148.0 133793939.0688712 48.0 2764.3994593998395 6.592823505401611
11 30.971225000000004 8192.0 0.5 0.03328125 0.0346875 1802201.0 103792276.04013078 1879510.0 108244652.36684822 41.0 2361.270090098364 7.155946493148804
12 30.972234375000006 8041.0 0.5 0.03453125 0.031953125 1336217.0 76955187.93485545 1401414.0 80710002.74995567 60.0 3455.510052702014 7.718348979949951
13 30.973431250000004 8122.0 0.5 0.0325 0.033671875000000004 894535.0 51517911.416563265 948671.0 54635702.95344787 61.0 3513.101886913714 8.341379165649414
14 30.974621875000004 8148.0 0.5 0.033984375000000004 0.034453125 601191.0 34623728.234134406 647946.0 37316437.22942368 56.0 3225.1460536028094 8.921873569488525
15 30.975743750000003 8158.0 0.5 0.033984375000000004 0.0340625 399393.0 23001727.831636574 438410.0 25248783.776049633 31.0 1785.3431652050333 9.55631971359253
16 30.977040625000004 8222.0 0.5 0.034296875 0.035234375 282620.0 16276587.34003125 316130.0 18206487.70718307 54.0 3109.9558288928156 10.205490827560425
17 30.978165625000006 8095.0 0.5 0.034453125 0.033828125 214506.0 12353819.55967414 244603.0 14087164.58166659 39.0 2246.0861832642977 10.803797960281372
18 30.979356250000006 8193.0 0.5 0.035546875 0.034296875 165779.0 9547536.445522359 192865.0 11107472.095776122 46.0 2649.2298571835304 11.436248302459717
19 30.980662500000005 8121.0 0.5 0.03453125 0.033671875000000004 131164.0 7553959.707127515 156107.0 8990469.854537487 38.0 2188.485170251331 12.090905666351318
20 30.981665625000005 8131.0 0.5 0.035390625 0.033203125 110604.0 6369907.008041106 134282.0 7733570.692323748 40.0 2303.6805207916914 12.675169467926025
21 30.982868750000005 8044.0 0.5 0.03328125 0.034921875 93844.0 5404659.27646807 116597.0 6715048.992565828 47.0 2706.821810600564 13.267252445220947
22 30.984071875000005 8238.0 0.5 0.034296875 0.033828125 78777.0 4536902.533076029 100660.0 5797182.032565762 55.0 3167.5443253637686 13.92644190788269
23 30.985256250000003 7983.0 0.5 0.0340625 0.03375 68214.0 3928577.5103895077 89905.0 5177804.571958376 43.0 2476.453996932431 14.500861644744873
24 30.986437500000005 8026.0 0.5 0.035312500000000004 0.0325 59521.0 3427930.6593352375 80653.0 4644963.818943985 67.0 3858.6608789412294 15.111096143722534
25 30.987609375000005 8160.0 0.5 0.035390625 0.034765625 52582.0 3028293.8265196215 73807.0 4250680.507662959 43.0 2476.44887110311 15.735713481903076
26 30.988693750000003 8234.0 0.5 0.03515625 0.035078125 45661.0 2629692.577409501 66666.0 3839405.2991739516 38.0 2188.482905358206 16.31866455078125
27 30.989890625000008 8128.0 0.5 0.03578125 0.035 39479.0 2273663.316746113 61290.0 3529796.2127553704 43.0 2476.443745284401 16.943977117538452
28 30.991168750000003 8145.0 0.5 0.034296875 0.035546875 34282.0 1974361.217150065 56514.0 3254741.5502601587 45.0 2591.6298574106795 17.577191829681396
29 30.992371875000007 8094.0 0.5 0.033828125 0.03328125 30245.0 1741865.0257328735 52683.0 3034110.601775003 49.0 2821.9998763733115 18.201039791107178
30 30.993571875000004 8024.0 0.5 0.035703125 0.03484375 26876.0 1547836.534394876 49268.0 2837431.5514424304 32.0 1842.9367874920388 18.83382296562195
31 30.994759375000005 8123.0 0.5 0.03515625 0.034453125 23289.0 1341254.8388719403 45202.0 2603263.395881723 23.0 1324.610816009903 19.504911184310913
32 30.995846875000005 8257.0 0.5 0.033203125 0.036640625 20969.0 1207640.6719736885 42873.0 2469129.597478561 32.0 1842.9348802116472 20.059779405593872
33 30.996956250000004 8164.0 0.5 0.033359375000000004 0.033671875000000004 19069.0 1098219.823145571 40582.0 2337194.234773379 29.0 1670.1649206157406 20.63285207748413
34 30.997831250000004 8230.0 0.5 0.03359375 0.034375 17062.0 982631.8753200293 38197.0 2199835.2913843137 53.0 3052.3672132201123 21.234224319458008
