#S 13570 ascan omega 14.8561 14.8961 40 0.5
#U p23user
#D Sun Jun 13 12:41:24 2021
#C Acquisition started at Sun Jun 13 12:41:24 2021
#O0 atten  attenpos  avg_beamcurrent  dcm_exitoffset  dcmbragg  diffractometer_h  diffractometer_k  diffractometer_l
#O1 gx  gy  gz  lmbd_compressionrate  lmbd_delaytime  lmbd_depth  lmbd_distortioncorrection  lmbd_energythreshold
#O2 lmbd_filestartnum  lmbd_framenumbers  lmbd_framesperfile  lmbd_height  lmbd_latestimagenumber  lmbd_shuttertime  lmbd_shuttertimemax  lmbd_shuttertimemin
#O3 lmbd_threadno  lmbd_totallossframes  lmbd_triggermode  lmbd_width  mnchrmtr  mono1roll  mono2par  mono2perp
#O4 mono2pitch  mono2roll  mono_height  monotrans  monoyaw  monoz1  monoz2  monoz3
#O5 ohsl1b  ohsl1h  ohsl1hgap  ohsl1l  ohsl1r  ohsl1t  ohsl1v  ohsl1vgap
#O6 ohsl2b  ohsl2h  ohsl2hgap  ohsl2l  ohsl2r  ohsl2t  ohsl2v  ohsl2vgap
#O7 phi  ps1v  ps1vg  ps2l  ps2r  ps2v  ps2vg  sl3b
#O8 sl3h  sl3hgap  sl3l  sl3r  sl3t  sl3v  sl3vgap  sl4b
#O9 sl4h  sl4hgap  sl4l  sl4r  sl4t  sl4v  sl4vgap  source_energy
#O10 und_en  undulator_gap  undulator_harmonic  undulator_phase  undulator_taper
#P0 1.0 0.0 94.30921173095703 20.7 23.52120747099462 1.000000873275065 4.924540228797457e-08 9.011837439406258e-05
#P1 -0.8900000000000006 -3.0 -0.71798828125 2 0.0 24 1 2300.0
#P2 0 1 1 516 -1 1000.0 2147483647.0 0.0
#P3 0 0 0 1556 4953.998314862664 0.0 25.934124999999995 11.224499999999999
#P4 0.06485081585081587 0.0295 3.906075 -21.0 -0.01 3.906075 3.9 3.9
#P5 19.95 0.60665 2.0 1.6066500000000001 -0.3933500000000001 22.95 21.45 3.0
#P6 19.45 -10.084000000000001 3.9999999999999964 -8.084000000000003 -12.084 23.450000000000003 21.450000000000003 4.0000000000000036
#P7 -0.160000000000025 0.38572000000000006 1.0 1.7031499999999995 0.4837600000000002 0.38651499999999994 0.8000000000000007 -0.09999999999999787
#P8 3.552713678800501e-15 0.20000000000000995 0.10000000000000853 -0.10000000000000142 0.09999999999999432 -1.7763568394002505e-15 0.19999999999999218 -2.043199999999999
#P9 -0.5645000000000024 4.0 1.4354999999999976 -2.5645000000000024 1.9567999999999977 -0.04320000000000057 3.9999999999999964 6.083441734313965
#P10 4904.21826171875 14.822999954223633 1 0.0 0.0
#N 13
#L Pt_No  omega  eh_c01  eh_t01  sl_mon_b_vol  sl_mon_t_vol  lmbd_countsroi1  lmbd_countsroi1_atten  lmbd_countsroi2  lmbd_countsroi2_atten  lmbd_countsroi3  lmbd_countsroi3_atten  dt
0 14.856556250000004 7585.0 0.5 0.03390625 0.032890625 735.0 735.0 2884.0 2884.0 232.0 232.0 0.5547659397125244
1 14.857503125000001 7621.0 0.5 0.034765625 0.035312500000000004 852.0 852.0 3065.0 3065.0 204.0 204.0 1.094139575958252
2 14.858703125000005 7701.0 0.5 0.0340625 0.03390625 1103.0 1103.0 3430.0 3430.0 229.0 229.0 1.7190883159637451
3 14.859893750000005 7491.0 0.5 0.031796875 0.0346875 1342.0 1342.0 3794.0 3794.0 215.0 215.0 2.296482801437378
4 14.86093125 7826.0 0.5 0.035312500000000004 0.035312500000000004 1565.0 1565.0 4196.0 4196.0 203.0 203.0 2.8496391773223877
5 14.861959375000005 7480.0 0.5 0.031953125 0.03515625 1944.0 1944.0 4791.0 4791.0 209.0 209.0 3.4375579357147217
6 14.863137500000008 7686.0 0.5 0.031953125 0.032890625 2435.0 2435.0 5311.0 5311.0 210.0 210.0 4.001779556274414
7 14.864328125000007 7760.0 0.5 0.033046875 0.03453125 3106.0 3106.0 6381.0 6381.0 209.0 209.0 4.626029968261719
8 14.865543750000008 7675.0 0.5 0.033828125 0.033359375000000004 4186.0 4186.0 7719.0 7719.0 226.0 226.0 5.2618021965026855
9 14.866725000000002 7639.0 0.5 0.035546875 0.03375 5597.0 5597.0 9382.0 9382.0 211.0 211.0 5.915805101394653
10 14.867896875 7684.0 0.5 0.033359375000000004 0.03109375 7768.0 7768.0 11976.0 11976.0 206.0 206.0 6.505154371261597
11 14.869087500000006 7691.0 0.5 0.036171875 0.031875 11190.0 11190.0 15769.0 15769.0 217.0 217.0 7.08753228187561
12 14.870081250000005 7678.0 0.5 0.032734375 0.033046875 16606.0 16606.0 21305.0 21305.0 196.0 196.0 7.658727169036865
13 14.871275000000004 7724.0 0.5 0.033984375000000004 0.0346875 25141.0 25141.0 30294.0 30294.0 197.0 197.0 8.272825956344604
14 14.872487500000005 7659.0 0.5 0.03578125 0.033046875 42137.0 42137.0 46595.0 46595.0 197.0 197.0 8.883360624313354
15 14.873500000000007 7681.0 0.5 0.035 0.03234375 66665.0 66665.0 70335.0 70335.0 186.0 186.0 9.435793161392212
16 14.874671875000004 7647.0 0.5 0.03484375 0.033828125 91469.0 91469.0 94529.0 94529.0 238.0 238.0 10.008270740509033
17 14.87586562500001 7472.0 0.5 0.034765625 0.03296875 91495.0 91495.0 93716.0 93716.0 201.0 201.0 10.642043352127075
18 14.876996875000003 7518.0 0.5 0.031718750000000004 0.033203125 63029.0 63029.0 65093.0 65093.0 215.0 215.0 11.279066801071167
19 14.878128125000003 7624.0 0.5 0.03390625 0.032890625 40532.0 40532.0 42136.0 42136.0 208.0 208.0 11.844805240631104
20 14.879256250000005 7702.0 0.5 0.032578125 0.03234375 25372.0 25372.0 26842.0 26842.0 221.0 221.0 12.442740678787231
21 14.88029375 7750.0 0.5 0.033671875000000004 0.03203125 17544.0 17544.0 18834.0 18834.0 209.0 209.0 13.005103826522827
22 14.881412500000003 7801.0 0.5 0.03484375 0.0334375 12221.0 12221.0 13398.0 13398.0 218.0 218.0 13.607492685317993
23 14.882628125000004 7810.0 0.5 0.036171875 0.03359375 9102.0 9102.0 10116.0 10116.0 211.0 211.0 14.206165790557861
24 14.883640625000005 7675.0 0.5 0.03328125 0.033671875000000004 7015.0 7015.0 7924.0 7924.0 214.0 214.0 14.752246618270874
25 14.884759375000002 7880.0 0.5 0.036640625 0.0340625 5642.0 5642.0 6590.0 6590.0 268.0 268.0 15.333247423171997
26 14.885778125000009 7756.0 0.5 0.034140625 0.03359375 4617.0 4617.0 5516.0 5516.0 205.0 205.0 15.864613771438599
27 14.887081250000001 7788.0 0.5 0.033828125 0.033125 3854.0 3854.0 4676.0 4676.0 232.0 232.0 16.511069297790527
28 14.888071875000001 7724.0 0.5 0.035390625 0.0328125 3251.0 3251.0 3996.0 3996.0 219.0 219.0 17.07995080947876
29 14.889265625 7697.0 0.5 0.03234375 0.033984375000000004 2811.0 2811.0 3637.0 3637.0 234.0 234.0 17.699549436569214
30 14.890465625000004 7622.0 0.5 0.033828125 0.03484375 2440.0 2440.0 3175.0 3175.0 225.0 225.0 18.311548471450806
31 14.891759375 7832.0 0.5 0.0334375 0.03296875 2134.0 2134.0 2885.0 2885.0 193.0 193.0 18.977370500564575
32 14.892968750000009 7698.0 0.5 0.034453125 0.0328125 1875.0 1875.0 2858.0 2858.0 233.0 233.0 19.609886646270752
33 14.894243750000008 7648.0 0.5 0.03453125 0.032578125 1604.0 1604.0 2399.0 2399.0 223.0 223.0 20.250428676605225
34 14.895356250000006 7918.0 0.5 0.034140625 0.033671875000000004 1312.0 1312.0 2114.0 2114.0 216.0 216.0 20.87119197845459
35 14.895978125000006 7604.0 0.5 0.035859375 0.033203125 1305.0 1305.0 2070.0 2070.0 231.0 231.0 21.425995588302612
