#S 13539 ascan omega 14.9533 14.9933 40 0.5
#U p23user
#D Sun Jun 13 12:21:18 2021
#C Acquisition started at Sun Jun 13 12:21:18 2021
#O0 atten  attenpos  avg_beamcurrent  dcm_exitoffset  dcmbragg  diffractometer_h  diffractometer_k  diffractometer_l
#O1 gx  gy  gz  lmbd_compressionrate  lmbd_delaytime  lmbd_depth  lmbd_distortioncorrection  lmbd_energythreshold
#O2 lmbd_filestartnum  lmbd_framenumbers  lmbd_framesperfile  lmbd_height  lmbd_latestimagenumber  lmbd_shuttertime  lmbd_shuttertimemax  lmbd_shuttertimemin
#O3 lmbd_threadno  lmbd_totallossframes  lmbd_triggermode  lmbd_width  mnchrmtr  mono1roll  mono2par  mono2perp
#O4 mono2pitch  mono2roll  mono_height  monotrans  monoyaw  monoz1  monoz2  monoz3
#O5 ohsl1b  ohsl1h  ohsl1hgap  ohsl1l  ohsl1r  ohsl1t  ohsl1v  ohsl1vgap
#O6 ohsl2b  ohsl2h  ohsl2hgap  ohsl2l  ohsl2r  ohsl2t  ohsl2v  ohsl2vgap
#O7 phi  ps1v  ps1vg  ps2l  ps2r  ps2v  ps2vg  sl3b
#O8 sl3h  sl3hgap  sl3l  sl3r  sl3t  sl3v  sl3vgap  sl4b
#O9 sl4h  sl4hgap  sl4l  sl4r  sl4t  sl4v  sl4vgap  source_energy
#O10 und_en  undulator_gap  undulator_harmonic  undulator_phase  undulator_taper
#P0 1.0 0.0 94.0171890258789 20.7 23.67834908446043 1.000000376351094 4.433987376673039e-08 8.994571566331742e-05
#P1 -0.8900000000000006 -3.0 -0.71798828125 2 0.0 24 1 2300.0
#P2 0 1 1 516 -1 1000.0 2147483647.0 0.0
#P3 0 0 0 1556 4923.0016539362705 0.0 25.771812499999996 11.238437499999998
#P4 0.06485081585081587 0.0295 3.906075 -21.0 -0.01 3.906075 3.9 3.9
#P5 19.95 0.60665 2.0 1.6066500000000001 -0.3933500000000001 22.95 21.45 3.0
#P6 19.45 -10.084000000000001 3.9999999999999964 -8.084000000000003 -12.084 23.450000000000003 21.450000000000003 4.0000000000000036
#P7 -0.160000000000025 0.38572000000000006 1.0 1.7031499999999995 0.4837600000000002 0.38651499999999994 0.8000000000000007 -0.09999999999999787
#P8 3.552713678800501e-15 0.20000000000000995 0.10000000000000853 -0.10000000000000142 0.09999999999999432 -1.7763568394002505e-15 0.19999999999999218 -2.043199999999999
#P9 -0.5645000000000024 4.0 1.4354999999999976 -2.5645000000000024 1.9567999999999977 -0.04320000000000057 3.9999999999999964 6.083469867706299
#P10 4872.72509765625 14.767000198364258 1 0.0 0.0
#N 13
#L Pt_No  omega  eh_c01  eh_t01  sl_mon_b_vol  sl_mon_t_vol  lmbd_countsroi1  lmbd_countsroi1_atten  lmbd_countsroi2  lmbd_countsroi2_atten  lmbd_countsroi3  lmbd_countsroi3_atten  dt
0 14.95373750000001 7153.0 0.5 0.03375 0.03375 49.0 49.0 568.0 568.0 257.0 257.0 0.5607690811157227
1 14.954856250000006 7044.0 0.5 0.0328125 0.032421875 59.0 59.0 307.0 307.0 203.0 203.0 1.2091405391693115
2 14.956243749999999 7075.0 0.5 0.034375 0.033515625 64.0 64.0 389.0 389.0 192.0 192.0 1.8558857440948486
3 14.95736875 6987.0 0.5 0.034296875 0.03546875 89.0 89.0 376.0 376.0 189.0 189.0 2.472843885421753
4 14.958484375000005 7091.0 0.5 0.034140625 0.031015625 87.0 87.0 388.0 388.0 205.0 205.0 3.080141305923462
5 14.959696875000006 7240.0 0.5 0.034296875 0.03328125 113.0 113.0 441.0 441.0 193.0 193.0 3.65873122215271
6 14.960890625000005 7120.0 0.5 0.032109375 0.031796875 131.0 131.0 526.0 526.0 182.0 182.0 4.277593612670898
7 14.961881250000005 6979.0 0.5 0.03296875 0.0340625 173.0 173.0 560.0 560.0 217.0 217.0 4.866291761398315
8 14.963084375000001 7084.0 0.5 0.0346875 0.033359375000000004 273.0 273.0 696.0 696.0 194.0 194.0 5.45454740524292
9 14.964084375000006 7126.0 0.5 0.03265625 0.033203125 307.0 307.0 701.0 701.0 215.0 215.0 6.022822618484497
10 14.965275000000005 7088.0 0.5 0.0334375 0.03453125 442.0 442.0 875.0 875.0 194.0 194.0 6.57201361656189
11 14.966371875000007 7098.0 0.5 0.034375 0.033046875 899.0 899.0 1480.0 1480.0 207.0 207.0 7.176517724990845
12 14.967465625000003 7088.0 0.5 0.0309375 0.03328125 1265.0 1265.0 1861.0 1861.0 191.0 191.0 7.731855869293213
13 14.968578125 7175.0 0.5 0.034296875 0.03453125 1575.0 1575.0 2053.0 2053.0 188.0 188.0 8.334186792373657
14 14.969684375000007 7222.0 0.5 0.032734375 0.032578125 2135.0 2135.0 2595.0 2595.0 219.0 219.0 8.907942771911621
15 14.970893750000002 6970.0 0.5 0.0346875 0.033359375000000004 3565.0 3565.0 3940.0 3940.0 215.0 215.0 9.52223253250122
16 14.972000000000008 7046.0 0.5 0.033203125 0.033125 5079.0 5079.0 5444.0 5444.0 209.0 209.0 10.128066778182983
17 14.9731125 7061.0 0.5 0.0334375 0.032734375 4835.0 4835.0 5154.0 5154.0 198.0 198.0 10.71403956413269
18 14.974125 7186.0 0.5 0.033046875 0.034375 3309.0 3309.0 3599.0 3599.0 169.0 169.0 11.261729717254639
19 14.97521875000001 7003.0 0.5 0.032109375 0.034375 2028.0 2028.0 2244.0 2244.0 222.0 222.0 11.806761503219604
20 14.976425000000006 7028.0 0.5 0.0328125 0.034296875 1212.0 1212.0 1486.0 1486.0 181.0 181.0 12.451459407806396
21 14.977721875 7115.0 0.5 0.03265625 0.03328125 784.0 784.0 1104.0 1104.0 174.0 174.0 13.097071886062622
22 14.978915625000006 7164.0 0.5 0.034453125 0.03265625 579.0 579.0 816.0 816.0 205.0 205.0 13.733605146408081
23 14.980115625000003 7116.0 0.5 0.034296875 0.03296875 391.0 391.0 664.0 664.0 186.0 186.0 14.35503363609314
24 14.981134375000003 7195.0 0.5 0.031718750000000004 0.033203125 314.0 314.0 592.0 592.0 215.0 215.0 14.925954341888428
25 14.982331250000009 7007.0 0.5 0.03109375 0.0321875 247.0 247.0 450.0 450.0 219.0 219.0 15.553817510604858
26 14.983440625000007 7017.0 0.5 0.031718750000000004 0.03375 200.0 200.0 426.0 426.0 233.0 233.0 16.107857704162598
27 14.984546875 7068.0 0.5 0.03359375 0.03328125 194.0 194.0 393.0 393.0 199.0 199.0 16.682718992233276
28 14.985746875000004 7110.0 0.5 0.032578125 0.0321875 174.0 174.0 431.0 431.0 164.0 164.0 17.296412229537964
29 14.986868750000006 7063.0 0.5 0.033671875000000004 0.03390625 106.0 106.0 285.0 285.0 242.0 242.0 17.913830280303955
30 14.988168750000007 7079.0 0.5 0.03390625 0.033359375000000004 112.0 112.0 310.0 310.0 218.0 218.0 18.559502840042114
31 14.989284375000004 6923.0 0.5 0.031718750000000004 0.034453125 112.0 112.0 291.0 291.0 196.0 196.0 19.176246404647827
32 14.990400000000008 6950.0 0.5 0.033125 0.03265625 81.0 81.0 272.0 272.0 232.0 232.0 19.742443561553955
33 14.991781250000003 7109.0 0.5 0.0328125 0.033125 75.0 75.0 283.0 283.0 181.0 181.0 20.50490403175354
34 14.992734375000005 6947.0 0.5 0.031953125 0.032734375 76.0 76.0 335.0 335.0 199.0 199.0 21.085598468780518
