#S 13532 ascan omega 14.7749 14.8149 40 0.5
#U p23user
#D Sun Jun 13 12:09:39 2021
#C Acquisition started at Sun Jun 13 12:09:39 2021
#O0 atten  attenpos  avg_beamcurrent  dcm_exitoffset  dcmbragg  diffractometer_h  diffractometer_k  diffractometer_l
#O1 gx  gy  gz  lmbd_compressionrate  lmbd_delaytime  lmbd_depth  lmbd_distortioncorrection  lmbd_energythreshold
#O2 lmbd_filestartnum  lmbd_framenumbers  lmbd_framesperfile  lmbd_height  lmbd_latestimagenumber  lmbd_shuttertime  lmbd_shuttertimemax  lmbd_shuttertimemin
#O3 lmbd_threadno  lmbd_totallossframes  lmbd_triggermode  lmbd_width  mnchrmtr  mono1roll  mono2par  mono2perp
#O4 mono2pitch  mono2roll  mono_height  monotrans  monoyaw  monoz1  monoz2  monoz3
#O5 ohsl1b  ohsl1h  ohsl1hgap  ohsl1l  ohsl1r  ohsl1t  ohsl1v  ohsl1vgap
#O6 ohsl2b  ohsl2h  ohsl2hgap  ohsl2l  ohsl2r  ohsl2t  ohsl2v  ohsl2vgap
#O7 phi  ps1v  ps1vg  ps2l  ps2r  ps2v  ps2vg  sl3b
#O8 sl3h  sl3hgap  sl3l  sl3r  sl3t  sl3v  sl3vgap  sl4b
#O9 sl4h  sl4hgap  sl4l  sl4r  sl4t  sl4v  sl4vgap  source_energy
#O10 und_en  undulator_gap  undulator_harmonic  undulator_phase  undulator_taper
#P0 1.0 0.0 93.99789428710938 20.7 23.396058688129724 0.999999857740091 5.185530158496755e-06 0.00019461736109707982
#P1 -0.8900000000000006 -3.0 -0.71798828125 2 0.0 24 1 2300.0
#P2 0 1 1 516 -1 500.0 2147483647.0 0.0
#P3 0 0 0 1556 4978.9992528925495 0.0 26.064999999999998 11.213499999999998
#P4 0.06485081585081587 0.0295 3.906075 -21.0 -0.01 3.906075 3.9 3.9
#P5 19.95 0.60665 2.0 1.6066500000000001 -0.3933500000000001 22.95 21.45 3.0
#P6 19.45 -10.084000000000001 3.9999999999999964 -8.084000000000003 -12.084 23.450000000000003 21.450000000000003 4.0000000000000036
#P7 0.0 0.38572000000000006 1.0 1.7031499999999995 0.4837600000000002 0.38651499999999994 0.8000000000000007 -0.09999999999999787
#P8 3.552713678800501e-15 0.20000000000000995 0.10000000000000853 -0.10000000000000142 0.09999999999999432 -1.7763568394002505e-15 0.19999999999999218 -2.043199999999999
#P9 -0.5645000000000024 4.0 1.4354999999999976 -2.5645000000000024 1.9567999999999977 -0.04320000000000057 3.9999999999999964 6.083469867706299
#P10 4928.421875 14.866000175476074 1 0.0 0.0
#N 13
#L Pt_No  omega  eh_c01  eh_t01  sl_mon_b_vol  sl_mon_t_vol  lmbd_countsroi1  lmbd_countsroi1_atten  lmbd_countsroi2  lmbd_countsroi2_atten  lmbd_countsroi3  lmbd_countsroi3_atten  dt
0 14.77526250000001 7570.0 0.5 0.033203125 0.03203125 54.0 54.0 489.0 489.0 228.0 228.0 0.5702025890350342
1 14.776271875000006 7493.0 0.5 0.03046875 0.031484375 42.0 42.0 394.0 394.0 231.0 231.0 1.131051778793335
2 14.777493750000005 7584.0 0.5 0.03078125 0.029453125 44.0 44.0 364.0 364.0 202.0 202.0 1.7598888874053955
3 14.7785875 7737.0 0.5 0.03 0.03015625 46.0 46.0 406.0 406.0 222.0 222.0 2.357093572616577
4 14.779787500000005 7613.0 0.5 0.032265625 0.030546875 46.0 46.0 429.0 429.0 224.0 224.0 2.939687490463257
5 14.780796875 7595.0 0.5 0.031015625 0.0315625 57.0 57.0 383.0 383.0 197.0 197.0 3.507481813430786
6 14.781990625000006 7429.0 0.5 0.03234375 0.031796875 44.0 44.0 404.0 404.0 194.0 194.0 4.0807507038116455
7 14.783206250000006 7513.0 0.5 0.030625 0.031171875 63.0 63.0 512.0 512.0 220.0 220.0 4.790443658828735
8 14.784406250000004 7548.0 0.5 0.031406250000000004 0.03125 66.0 66.0 522.0 522.0 219.0 219.0 5.369608163833618
9 14.785409375000008 7655.0 0.5 0.030625 0.030546875 86.0 86.0 516.0 516.0 244.0 244.0 5.929437875747681
10 14.786609375000005 7596.0 0.5 0.03109375 0.03109375 123.0 123.0 602.0 602.0 244.0 244.0 6.55696439743042
11 14.787812500000001 7531.0 0.5 0.031953125 0.030390625 152.0 152.0 682.0 682.0 217.0 217.0 7.186295509338379
12 14.789128125000005 7479.0 0.5 0.031015625 0.031875 225.0 225.0 812.0 812.0 196.0 196.0 7.843790531158447
13 14.790240625000003 7517.0 0.5 0.030859375 0.029531250000000002 308.0 308.0 882.0 882.0 209.0 209.0 8.464196920394897
14 14.791337500000004 7656.0 0.5 0.032734375 0.031406250000000004 417.0 417.0 1184.0 1184.0 226.0 226.0 9.007686853408813
15 14.792440625000005 7639.0 0.5 0.028203125 0.029375000000000002 658.0 658.0 1468.0 1468.0 210.0 210.0 9.598090171813965
16 14.793643750000008 7602.0 0.5 0.0303125 0.0315625 1032.0 1032.0 2116.0 2116.0 214.0 214.0 10.206082582473755
17 14.794834375 7626.0 0.5 0.030625 0.032265625 1465.0 1465.0 2565.0 2565.0 240.0 240.0 10.81258249282837
18 14.796059375000006 7614.0 0.5 0.027734375000000002 0.031328125 2466.0 2466.0 3823.0 3823.0 217.0 217.0 11.446141719818115
19 14.797071875000007 7660.0 0.5 0.030078125 0.029453125 3971.0 3971.0 5680.0 5680.0 237.0 237.0 12.031055212020874
20 14.798268750000005 7617.0 0.5 0.0303125 0.03 5930.0 5930.0 7689.0 7689.0 218.0 218.0 12.640615940093994
21 14.799378125000004 7784.0 0.5 0.031406250000000004 0.031015625 6350.0 6350.0 7519.0 7519.0 219.0 219.0 13.203526973724365
22 14.800559375000006 7531.0 0.5 0.029296875 0.03078125 4676.0 4676.0 5250.0 5250.0 204.0 204.0 13.8194420337677
23 14.801750000000006 7618.0 0.5 0.029843750000000002 0.03078125 3006.0 3006.0 3489.0 3489.0 232.0 232.0 14.445786714553833
24 14.802843750000008 7712.0 0.5 0.030390625 0.031484375 1919.0 1919.0 2285.0 2285.0 210.0 210.0 15.014060258865356
25 14.803971875000002 7438.0 0.5 0.03109375 0.031328125 1200.0 1200.0 1534.0 1534.0 218.0 218.0 15.61708950996399
26 14.80510000000001 7517.0 0.5 0.0290625 0.03046875 869.0 869.0 1182.0 1182.0 198.0 198.0 16.211355447769165
27 14.806321875000002 7650.0 0.5 0.031718750000000004 0.031328125 648.0 648.0 940.0 940.0 196.0 196.0 16.80925416946411
28 14.807556250000005 7725.0 0.5 0.030703125 0.030078125 499.0 499.0 778.0 778.0 215.0 215.0 17.480146169662476
29 14.808940625000005 7592.0 0.5 0.029921875 0.03046875 356.0 356.0 619.0 619.0 250.0 250.0 18.1693217754364
30 14.809934375000005 7658.0 0.5 0.028046875 0.033203125 347.0 347.0 668.0 668.0 221.0 221.0 18.758002281188965
31 14.811131250000003 7484.0 0.5 0.027421875000000002 0.030390625 256.0 256.0 493.0 493.0 204.0 204.0 19.38774609565735
32 14.812325000000008 7496.0 0.5 0.0309375 0.03078125 225.0 225.0 473.0 473.0 217.0 217.0 19.983479261398315
33 14.813509375000002 7485.0 0.5 0.0315625 0.0303125 178.0 178.0 474.0 474.0 210.0 210.0 20.581262350082397
34 14.814503125000009 7557.0 0.5 0.02875 0.03234375 138.0 138.0 391.0 391.0 216.0 216.0 21.138073444366455
