#S 13541 ascan omega 14.9470 14.9870 40 0.5
#U p23user
#D Sun Jun 13 12:22:35 2021
#C Acquisition started at Sun Jun 13 12:22:35 2021
#O0 atten  attenpos  avg_beamcurrent  dcm_exitoffset  dcmbragg  diffractometer_h  diffractometer_k  diffractometer_l
#O1 gx  gy  gz  lmbd_compressionrate  lmbd_delaytime  lmbd_depth  lmbd_distortioncorrection  lmbd_energythreshold
#O2 lmbd_filestartnum  lmbd_framenumbers  lmbd_framesperfile  lmbd_height  lmbd_latestimagenumber  lmbd_shuttertime  lmbd_shuttertimemax  lmbd_shuttertimemin
#O3 lmbd_threadno  lmbd_totallossframes  lmbd_triggermode  lmbd_width  mnchrmtr  mono1roll  mono2par  mono2perp
#O4 mono2pitch  mono2roll  mono_height  monotrans  monoyaw  monoz1  monoz2  monoz3
#O5 ohsl1b  ohsl1h  ohsl1hgap  ohsl1l  ohsl1r  ohsl1t  ohsl1v  ohsl1vgap
#O6 ohsl2b  ohsl2h  ohsl2hgap  ohsl2l  ohsl2r  ohsl2t  ohsl2v  ohsl2vgap
#O7 phi  ps1v  ps1vg  ps2l  ps2r  ps2v  ps2vg  sl3b
#O8 sl3h  sl3hgap  sl3l  sl3r  sl3t  sl3v  sl3vgap  sl4b
#O9 sl4h  sl4hgap  sl4l  sl4r  sl4t  sl4v  sl4vgap  source_energy
#O10 und_en  undulator_gap  undulator_harmonic  undulator_phase  undulator_taper
#P0 1.0 0.0 94.49925994873047 20.7 23.668133442787802 1.0000011905439803 4.924540399709228e-08 9.011837758199191e-05
#P1 -0.8900000000000006 -3.0 -0.71798828125 2 0.0 24 1 2300.0
#P2 0 1 1 516 -1 1000.0 2147483647.0 0.0
#P3 0 0 0 1556 4924.9990270703365 0.0 25.78224999999999 11.237531249999998
#P4 0.06485081585081587 0.0295 3.906075 -21.0 -0.01 3.906075 3.9 3.9
#P5 19.95 0.60665 2.0 1.6066500000000001 -0.3933500000000001 22.95 21.45 3.0
#P6 19.45 -10.084000000000001 3.9999999999999964 -8.084000000000003 -12.084 23.450000000000003 21.450000000000003 4.0000000000000036
#P7 -0.160000000000025 0.38572000000000006 1.0 1.7031499999999995 0.4837600000000002 0.38651499999999994 0.8000000000000007 -0.09999999999999787
#P8 3.552713678800501e-15 0.20000000000000995 0.10000000000000853 -0.10000000000000142 0.09999999999999432 -1.7763568394002505e-15 0.19999999999999218 -2.043199999999999
#P9 -0.5645000000000024 4.0 1.4354999999999976 -2.5645000000000024 1.9567999999999977 -0.04320000000000057 3.9999999999999964 6.083469867706299
#P10 4874.9736328125 14.770999908447266 1 0.0 0.0
#N 13
#L Pt_No  omega  eh_c01  eh_t01  sl_mon_b_vol  sl_mon_t_vol  lmbd_countsroi1  lmbd_countsroi1_atten  lmbd_countsroi2  lmbd_countsroi2_atten  lmbd_countsroi3  lmbd_countsroi3_atten  dt
0 14.947415625000005 6978.0 0.5 0.031640625 0.033125 64.0 64.0 716.0 716.0 200.0 200.0 0.5409479141235352
1 14.9485375 7029.0 0.5 0.032734375 0.033828125 73.0 73.0 359.0 359.0 207.0 207.0 1.1586527824401855
2 14.949750000000009 7063.0 0.5 0.031718750000000004 0.034140625 76.0 76.0 417.0 417.0 211.0 211.0 1.8325653076171875
3 14.950965625000002 7149.0 0.5 0.0334375 0.033984375000000004 94.0 94.0 436.0 436.0 234.0 234.0 2.4334871768951416
4 14.952175000000004 7225.0 0.5 0.03328125 0.034765625 121.0 121.0 442.0 442.0 210.0 210.0 3.0297863483428955
5 14.953178125 7002.0 0.5 0.03328125 0.03328125 138.0 138.0 494.0 494.0 207.0 207.0 3.5888381004333496
6 14.954384375000004 7176.0 0.5 0.03359375 0.033125 155.0 155.0 515.0 515.0 216.0 216.0 4.209222793579102
7 14.955671875 7072.0 0.5 0.035937500000000004 0.03375 245.0 245.0 634.0 634.0 196.0 196.0 4.902775764465332
8 14.956768750000009 7088.0 0.5 0.033984375000000004 0.034140625 319.0 319.0 752.0 752.0 240.0 240.0 5.476061582565308
9 14.957990625 7194.0 0.5 0.0325 0.033125 470.0 470.0 942.0 942.0 206.0 206.0 6.1025214195251465
10 14.959234375000001 7067.0 0.5 0.032890625 0.032890625 708.0 708.0 1245.0 1245.0 199.0 199.0 6.775321960449219
11 14.960390625000002 7206.0 0.5 0.033203125 0.034765625 1328.0 1328.0 2001.0 2001.0 206.0 206.0 7.372131586074829
12 14.961487500000004 7058.0 0.5 0.0315625 0.033515625 1698.0 1698.0 2315.0 2315.0 224.0 224.0 7.954014539718628
13 14.962496875000006 7173.0 0.5 0.0325 0.033046875 1987.0 1987.0 2567.0 2567.0 230.0 230.0 8.488379955291748
14 14.963703125000002 7123.0 0.5 0.030703125 0.032421875 3261.0 3261.0 3721.0 3721.0 176.0 176.0 9.071670770645142
15 14.964725000000001 7034.0 0.5 0.031171875 0.03390625 5315.0 5315.0 5732.0 5732.0 219.0 219.0 9.64403223991394
16 14.96593437500001 7136.0 0.5 0.034921875 0.033203125 6569.0 6569.0 6949.0 6949.0 165.0 165.0 10.241701364517212
17 14.966940625000007 6964.0 0.5 0.031406250000000004 0.033203125 5716.0 5716.0 6062.0 6062.0 182.0 182.0 10.828745365142822
18 14.96814687500001 7007.0 0.5 0.034375 0.03203125 3551.0 3551.0 3867.0 3867.0 188.0 188.0 11.433956384658813
19 14.969159375000004 7036.0 0.5 0.0321875 0.03390625 2225.0 2225.0 2530.0 2530.0 222.0 222.0 11.969042778015137
20 14.970362500000007 7123.0 0.5 0.032109375 0.03359375 1350.0 1350.0 1629.0 1629.0 194.0 194.0 12.582597732543945
21 14.971565625000004 7130.0 0.5 0.032578125 0.033046875 968.0 968.0 1251.0 1251.0 195.0 195.0 13.204907655715942
22 14.972684375000007 6998.0 0.5 0.03203125 0.0325 655.0 655.0 903.0 903.0 209.0 209.0 13.786855936050415
23 14.973778125000003 7081.0 0.5 0.034921875 0.03296875 504.0 504.0 744.0 744.0 169.0 169.0 14.350724458694458
24 14.974878125000004 7180.0 0.5 0.033359375000000004 0.031953125 406.0 406.0 663.0 663.0 208.0 208.0 14.947731018066406
25 14.975975000000005 7040.0 0.5 0.033515625 0.033203125 273.0 273.0 496.0 496.0 214.0 214.0 15.48676085472107
26 14.976984375000008 6895.0 0.5 0.03453125 0.033828125 237.0 237.0 437.0 437.0 193.0 193.0 16.023934602737427
27 14.978209375000006 6989.0 0.5 0.033046875 0.034375 210.0 210.0 432.0 432.0 183.0 183.0 16.664895057678223
28 14.979334375 7138.0 0.5 0.03359375 0.033984375000000004 189.0 189.0 430.0 430.0 236.0 236.0 17.27502942085266
29 14.980618750000005 6940.0 0.5 0.03265625 0.033359375000000004 170.0 170.0 417.0 417.0 213.0 213.0 17.92581820487976
30 14.981800000000007 6977.0 0.5 0.034921875 0.03375 166.0 166.0 386.0 386.0 237.0 237.0 18.53276824951172
31 14.982996875000005 7242.0 0.5 0.0309375 0.032421875 122.0 122.0 354.0 354.0 158.0 158.0 19.167571306228638
32 14.984100000000005 7076.0 0.5 0.034140625 0.033828125 99.0 99.0 321.0 321.0 226.0 226.0 19.77429723739624
33 14.985315625000005 7180.0 0.5 0.03390625 0.033671875000000004 90.0 90.0 287.0 287.0 216.0 216.0 20.398775100708008
34 14.986415625000006 7116.0 0.5 0.032890625 0.0325 87.0 87.0 381.0 381.0 185.0 185.0 20.93553900718689
35 14.987000000000009 7143.0 0.5 0.031953125 0.034296875 75.0 75.0 286.0 286.0 213.0 213.0 21.594160556793213
