#S 13564 ascan omega 14.8749 14.9149 40 0.5
#U p23user
#D Sun Jun 13 12:37:30 2021
#C Acquisition started at Sun Jun 13 12:37:30 2021
#O0 atten  attenpos  avg_beamcurrent  dcm_exitoffset  dcmbragg  diffractometer_h  diffractometer_k  diffractometer_l
#O1 gx  gy  gz  lmbd_compressionrate  lmbd_delaytime  lmbd_depth  lmbd_distortioncorrection  lmbd_energythreshold
#O2 lmbd_filestartnum  lmbd_framenumbers  lmbd_framesperfile  lmbd_height  lmbd_latestimagenumber  lmbd_shuttertime  lmbd_shuttertimemax  lmbd_shuttertimemin
#O3 lmbd_threadno  lmbd_totallossframes  lmbd_triggermode  lmbd_width  mnchrmtr  mono1roll  mono2par  mono2perp
#O4 mono2pitch  mono2roll  mono_height  monotrans  monoyaw  monoz1  monoz2  monoz3
#O5 ohsl1b  ohsl1h  ohsl1hgap  ohsl1l  ohsl1r  ohsl1t  ohsl1v  ohsl1vgap
#O6 ohsl2b  ohsl2h  ohsl2hgap  ohsl2l  ohsl2r  ohsl2t  ohsl2v  ohsl2vgap
#O7 phi  ps1v  ps1vg  ps2l  ps2r  ps2v  ps2vg  sl3b
#O8 sl3h  sl3hgap  sl3l  sl3r  sl3t  sl3v  sl3vgap  sl4b
#O9 sl4h  sl4hgap  sl4l  sl4r  sl4t  sl4v  sl4vgap  source_energy
#O10 und_en  undulator_gap  undulator_harmonic  undulator_phase  undulator_taper
#P0 1.0 0.0 94.42929077148438 20.7 23.55144759818478 1.0000014949905873 4.4339927717550295e-08 8.994581636666714e-05
#P1 -0.8900000000000006 -3.0 -0.71798828125 2 0.0 24 1 2300.0
#P2 0 1 1 516 -1 1000.0 2147483647.0 0.0
#P3 0 0 0 1556 4947.998757442276 0.0 25.9026875 11.2271875
#P4 0.06485081585081587 0.0295 3.906075 -21.0 -0.01 3.906075 3.9 3.9
#P5 19.95 0.60665 2.0 1.6066500000000001 -0.3933500000000001 22.95 21.45 3.0
#P6 19.45 -10.084000000000001 3.9999999999999964 -8.084000000000003 -12.084 23.450000000000003 21.450000000000003 4.0000000000000036
#P7 -0.160000000000025 0.38572000000000006 1.0 1.7031499999999995 0.4837600000000002 0.38651499999999994 0.8000000000000007 -0.09999999999999787
#P8 3.552713678800501e-15 0.20000000000000995 0.10000000000000853 -0.10000000000000142 0.09999999999999432 -1.7763568394002505e-15 0.19999999999999218 -2.043199999999999
#P9 -0.5645000000000024 4.0 1.4354999999999976 -2.5645000000000024 1.9567999999999977 -0.04320000000000057 3.9999999999999964 6.083469867706299
#P10 4898.0302734375 14.812000274658203 1 0.0 0.0
#N 13
#L Pt_No  omega  eh_c01  eh_t01  sl_mon_b_vol  sl_mon_t_vol  lmbd_countsroi1  lmbd_countsroi1_atten  lmbd_countsroi2  lmbd_countsroi2_atten  lmbd_countsroi3  lmbd_countsroi3_atten  dt
0 14.875284375000007 7657.0 0.5 0.035 0.0328125 1515.0 1515.0 5619.0 5619.0 237.0 237.0 0.5442996025085449
1 14.876425000000005 7429.0 0.5 0.0346875 0.03203125 1777.0 1777.0 5944.0 5944.0 205.0 205.0 1.1752431392669678
2 14.877656250000001 7457.0 0.5 0.035 0.033828125 2246.0 2246.0 6695.0 6695.0 222.0 222.0 1.8156321048736572
3 14.878687500000005 7646.0 0.5 0.03390625 0.0340625 2744.0 2744.0 7411.0 7411.0 202.0 202.0 2.366722822189331
4 14.879915625000002 7442.0 0.5 0.034375 0.033359375000000004 3326.0 3326.0 8358.0 8358.0 234.0 234.0 3.0100173950195312
5 14.881046875000003 7483.0 0.5 0.035 0.032578125 4089.0 4089.0 9471.0 9471.0 209.0 209.0 3.5823397636413574
6 14.882171875000004 7573.0 0.5 0.033046875 0.03328125 5229.0 5229.0 11059.0 11059.0 242.0 242.0 4.188872575759888
7 14.883362500000004 7555.0 0.5 0.03484375 0.03203125 6602.0 6602.0 12955.0 12955.0 204.0 204.0 4.766354560852051
8 14.884375000000006 7621.0 0.5 0.03453125 0.032890625 8587.0 8587.0 15347.0 15347.0 223.0 223.0 5.340037107467651
9 14.885506250000006 7588.0 0.5 0.034921875 0.032890625 11169.0 11169.0 18700.0 18700.0 212.0 212.0 5.923527956008911
10 14.886818750000003 7562.0 0.5 0.033046875 0.03234375 15479.0 15479.0 23566.0 23566.0 215.0 215.0 6.573030471801758
11 14.887946875000004 7567.0 0.5 0.03515625 0.033984375000000004 23546.0 23546.0 32562.0 32562.0 223.0 223.0 7.208545923233032
12 14.889046875000005 7656.0 0.5 0.035 0.03328125 35297.0 35297.0 44620.0 44620.0 216.0 216.0 7.805257320404053
13 14.890225000000008 7401.0 0.5 0.035546875 0.0328125 52047.0 52047.0 61608.0 61608.0 209.0 209.0 8.353119134902954
14 14.891515625000004 7464.0 0.5 0.0346875 0.0340625 96889.0 96889.0 104756.0 104756.0 220.0 220.0 9.065195798873901
15 14.892609375000006 7392.0 0.5 0.035859375 0.032578125 149071.0 149071.0 155598.0 155598.0 218.0 218.0 9.64759349822998
16 14.893612500000003 7592.0 0.5 0.035 0.033125 183239.0 183239.0 188423.0 188423.0 218.0 218.0 10.20129680633545
17 14.894996875000004 7568.0 0.5 0.033515625 0.03296875 160078.0 160078.0 164042.0 164042.0 234.0 234.0 10.871991157531738
18 14.895993750000002 7518.0 0.5 0.03515625 0.034921875 110556.0 110556.0 114019.0 114019.0 211.0 211.0 11.438045978546143
19 14.897112500000006 7509.0 0.5 0.03390625 0.0340625 72537.0 72537.0 75584.0 75584.0 221.0 221.0 11.98372483253479
20 14.898331250000005 7596.0 0.5 0.0328125 0.03375 44836.0 44836.0 47361.0 47361.0 239.0 239.0 12.629263639450073
21 14.899421875000002 7622.0 0.5 0.031640625 0.03359375 31388.0 31388.0 33595.0 33595.0 205.0 205.0 13.185490608215332
22 14.900409375000002 7523.0 0.5 0.0334375 0.032890625 22887.0 22887.0 24993.0 24993.0 211.0 211.0 13.72779107093811
23 14.901543750000002 7393.0 0.5 0.03359375 0.033359375000000004 17434.0 17434.0 19246.0 19246.0 220.0 220.0 14.310414552688599
24 14.90264375000001 7361.0 0.5 0.034453125 0.031875 13956.0 13956.0 15532.0 15532.0 234.0 234.0 14.864156484603882
25 14.903656250000004 7478.0 0.5 0.031640625 0.035390625 11281.0 11281.0 12926.0 12926.0 218.0 218.0 15.45595097541809
26 14.904859375000008 7617.0 0.5 0.0334375 0.033125 8998.0 8998.0 10494.0 10494.0 246.0 246.0 16.057807207107544
27 14.906056250000006 7556.0 0.5 0.032265625 0.03390625 7654.0 7654.0 9056.0 9056.0 234.0 234.0 16.671939611434937
28 14.907259375000002 7415.0 0.5 0.03375 0.0340625 6295.0 6295.0 7615.0 7615.0 215.0 215.0 17.29072642326355
29 14.90847812500001 7511.0 0.5 0.033203125 0.035312500000000004 5240.0 5240.0 6578.0 6578.0 212.0 212.0 17.906750440597534
30 14.909484375000005 7516.0 0.5 0.034453125 0.034375 4684.0 4684.0 6008.0 6008.0 232.0 232.0 18.46621322631836
31 14.910668750000006 7565.0 0.5 0.03421875 0.0340625 4035.0 4035.0 5265.0 5265.0 204.0 204.0 19.055586099624634
32 14.91185625 7576.0 0.5 0.03265625 0.0325 3638.0 3638.0 4904.0 4904.0 225.0 225.0 19.696879625320435
33 14.913056250000004 7523.0 0.5 0.03234375 0.035546875 2940.0 2940.0 4151.0 4151.0 235.0 235.0 20.34621000289917
34 14.914259375000007 7546.0 0.5 0.03359375 0.034296875 2745.0 2745.0 4054.0 4054.0 225.0 225.0 20.955849170684814
35 14.914984375000003 7568.0 0.5 0.03390625 0.0346875 2443.0 2443.0 3893.0 3893.0 230.0 230.0 21.544914722442627
