#S 13558 ascan omega 14.8936 14.9336 40 0.5
#U p23user
#D Sun Jun 13 12:33:37 2021
#C Acquisition started at Sun Jun 13 12:33:37 2021
#O0 atten  attenpos  avg_beamcurrent  dcm_exitoffset  dcmbragg  diffractometer_h  diffractometer_k  diffractometer_l
#O1 gx  gy  gz  lmbd_compressionrate  lmbd_delaytime  lmbd_depth  lmbd_distortioncorrection  lmbd_energythreshold
#O2 lmbd_filestartnum  lmbd_framenumbers  lmbd_framesperfile  lmbd_height  lmbd_latestimagenumber  lmbd_shuttertime  lmbd_shuttertimemax  lmbd_shuttertimemin
#O3 lmbd_threadno  lmbd_totallossframes  lmbd_triggermode  lmbd_width  mnchrmtr  mono1roll  mono2par  mono2perp
#O4 mono2pitch  mono2roll  mono_height  monotrans  monoyaw  monoz1  monoz2  monoz3
#O5 ohsl1b  ohsl1h  ohsl1hgap  ohsl1l  ohsl1r  ohsl1t  ohsl1v  ohsl1vgap
#O6 ohsl2b  ohsl2h  ohsl2hgap  ohsl2l  ohsl2r  ohsl2t  ohsl2v  ohsl2vgap
#O7 phi  ps1v  ps1vg  ps2l  ps2r  ps2v  ps2vg  sl3b
#O8 sl3h  sl3hgap  sl3l  sl3r  sl3t  sl3v  sl3vgap  sl4b
#O9 sl4h  sl4hgap  sl4l  sl4r  sl4t  sl4v  sl4vgap  source_energy
#O10 und_en  undulator_gap  undulator_harmonic  undulator_phase  undulator_taper
#P0 1.0 0.0 94.563720703125 20.7 23.581775222993073 1.0000011537017781 4.4339908292390164e-08 8.994576000514169e-05
#P1 -0.8900000000000006 -3.0 -0.71798828125 2 0.0 24 1 2300.0
#P2 0 1 1 516 -1 1000.0 2147483647.0 0.0
#P3 0 0 0 1556 4941.999624323042 0.0 25.87124999999999 11.229874999999998
#P4 0.06485081585081587 0.0295 3.906075 -21.0 -0.01 3.906075 3.9 3.9
#P5 19.95 0.60665 2.0 1.6066500000000001 -0.3933500000000001 22.95 21.45 3.0
#P6 19.45 -10.084000000000001 3.9999999999999964 -8.084000000000003 -12.084 23.450000000000003 21.450000000000003 4.0000000000000036
#P7 -0.160000000000025 0.38572000000000006 1.0 1.7031499999999995 0.4837600000000002 0.38651499999999994 0.8000000000000007 -0.09999999999999787
#P8 3.552713678800501e-15 0.20000000000000995 0.10000000000000853 -0.10000000000000142 0.09999999999999432 -1.7763568394002505e-15 0.19999999999999218 -2.043199999999999
#P9 -0.5645000000000024 4.0 1.4354999999999976 -2.5645000000000024 1.9567999999999977 -0.04320000000000057 3.9999999999999964 6.083469867706299
#P10 4891.84228515625 14.800999641418457 1 0.0 0.0
#N 13
#L Pt_No  omega  eh_c01  eh_t01  sl_mon_b_vol  sl_mon_t_vol  lmbd_countsroi1  lmbd_countsroi1_atten  lmbd_countsroi2  lmbd_countsroi2_atten  lmbd_countsroi3  lmbd_countsroi3_atten  dt
0 14.894037500000003 7389.0 0.5 0.034765625 0.033828125 9703.0 9703.0 38809.0 38809.0 271.0 271.0 0.5410871505737305
1 14.895190625000005 7406.0 0.5 0.03296875 0.034140625 11468.0 11468.0 42808.0 42808.0 297.0 297.0 1.1621811389923096
2 14.896228125 7339.0 0.5 0.0328125 0.03375 14454.0 14454.0 48084.0 48084.0 197.0 197.0 1.7596313953399658
3 14.897428125000005 7286.0 0.5 0.0334375 0.03359375 17825.0 17825.0 53441.0 53441.0 222.0 222.0 2.3382391929626465
4 14.898634375000007 7371.0 0.5 0.031718750000000004 0.033984375000000004 22626.0 22626.0 61051.0 61051.0 230.0 230.0 2.9772469997406006
5 14.899750000000004 7387.0 0.5 0.033828125 0.032578125 28422.0 28422.0 69877.0 69877.0 210.0 210.0 3.564545154571533
6 14.900843750000007 7581.0 0.5 0.033125 0.03265625 36129.0 36129.0 80538.0 80538.0 219.0 219.0 4.1440465450286865
7 14.902031250000007 7445.0 0.5 0.033515625 0.03328125 48605.0 48605.0 97407.0 97407.0 221.0 221.0 4.794950246810913
8 14.903231250000005 7431.0 0.5 0.032265625 0.0325 63200.0 63200.0 115740.0 115740.0 208.0 208.0 5.362167596817017
9 14.904459375000002 7477.0 0.5 0.034375 0.032421875 87999.0 87999.0 147034.0 147034.0 216.0 216.0 6.02401876449585
10 14.905659375000006 7370.0 0.5 0.034453125 0.03109375 125646.0 125646.0 191665.0 191665.0 233.0 233.0 6.661681890487671
11 14.906875000000007 7399.0 0.5 0.03359375 0.03265625 183420.0 183420.0 256087.0 256087.0 225.0 225.0 7.268468856811523
12 14.90790625000001 7336.0 0.5 0.03375 0.03390625 280843.0 280843.0 355791.0 355791.0 206.0 206.0 7.854998826980591
13 14.909121875000004 7540.0 0.5 0.0340625 0.0346875 428070.0 428070.0 503971.0 503971.0 220.0 220.0 8.44501280784607
14 14.910234375000009 7451.0 0.5 0.035234375 0.03265625 647525.0 647525.0 708656.0 708656.0 243.0 243.0 9.041749000549316
15 14.911253125000002 7401.0 0.5 0.0325 0.03390625 825124.0 825124.0 871204.0 871204.0 232.0 232.0 9.587147235870361
16 14.912556250000002 7380.0 0.5 0.033515625 0.033046875 841660.0 841660.0 872540.0 872540.0 224.0 224.0 10.215380191802979
17 14.913759375000005 7352.0 0.5 0.03234375 0.031640625 653317.0 653317.0 675667.0 675667.0 227.0 227.0 10.851980686187744
18 14.91475937500001 7412.0 0.5 0.033359375000000004 0.03390625 455132.0 455132.0 474033.0 474033.0 229.0 229.0 11.435077905654907
19 14.915853125000005 7330.0 0.5 0.0325 0.03515625 318390.0 318390.0 335024.0 335024.0 249.0 249.0 11.985371351242065
20 14.916937500000003 7478.0 0.5 0.032265625 0.03265625 222367.0 222367.0 236863.0 236863.0 197.0 197.0 12.580811738967896
21 14.918134375000001 7339.0 0.5 0.033125 0.035546875 159992.0 159992.0 172932.0 172932.0 205.0 205.0 13.175861120223999
22 14.919334374999998 7402.0 0.5 0.03375 0.031328125 120874.0 120874.0 132341.0 132341.0 200.0 200.0 13.782947778701782
23 14.920534375000003 7360.0 0.5 0.031484375 0.03296875 92513.0 92513.0 102957.0 102957.0 205.0 205.0 14.426050186157227
24 14.92172500000001 7432.0 0.5 0.035390625 0.03125 74062.0 74062.0 83572.0 83572.0 243.0 243.0 15.044690132141113
25 14.923121875000007 7315.0 0.5 0.03328125 0.033515625 58367.0 58367.0 67404.0 67404.0 229.0 229.0 15.76338791847229
26 14.924309375 7368.0 0.5 0.03359375 0.033046875 48593.0 48593.0 57027.0 57027.0 207.0 207.0 16.375967502593994
27 14.925325 7296.0 0.5 0.034609375 0.033515625 41693.0 41693.0 49765.0 49765.0 224.0 224.0 16.9632408618927
28 14.926456250000001 7453.0 0.5 0.032421875 0.034140625 36494.0 36494.0 44313.0 44313.0 201.0 201.0 17.528505563735962
29 14.927559375000008 7463.0 0.5 0.033125 0.033828125 31441.0 31441.0 38840.0 38840.0 217.0 217.0 18.12239146232605
30 14.928878125000004 7293.0 0.5 0.034375 0.03421875 27272.0 27272.0 34585.0 34585.0 225.0 225.0 18.797179222106934
31 14.929987500000003 7295.0 0.5 0.033125 0.032734375 24459.0 24459.0 31558.0 31558.0 218.0 218.0 19.39125633239746
32 14.9312125 7291.0 0.5 0.0340625 0.03234375 21093.0 21093.0 28324.0 28324.0 191.0 191.0 19.9989595413208
33 14.93239687500001 7375.0 0.5 0.03390625 0.0340625 18153.0 18153.0 25747.0 25747.0 203.0 203.0 20.628236055374146
34 14.933409375000004 7288.0 0.5 0.032109375 0.03265625 15741.0 15741.0 23673.0 23673.0 227.0 227.0 21.289013147354126
