#S 14899 ascan omega 44.9752 45.0052 50 0.25
#U p23user
#D Mon Jun 14 22:27:26 2021
#C Acquisition started at Mon Jun 14 22:27:26 2021
#O0 atten  attenpos  avg_beamcurrent  dcm_exitoffset  dcmbragg  diffractometer_h  diffractometer_k  diffractometer_l
#O1 gx  gy  gz  lmbd_compressionrate  lmbd_delaytime  lmbd_depth  lmbd_distortioncorrection  lmbd_energythreshold
#O2 lmbd_filestartnum  lmbd_framenumbers  lmbd_framesperfile  lmbd_height  lmbd_latestimagenumber  lmbd_shuttertime  lmbd_shuttertimemax  lmbd_shuttertimemin
#O3 lmbd_threadno  lmbd_totallossframes  lmbd_triggermode  lmbd_width  mnchrmtr  mono1roll  mono2par  mono2perp
#O4 mono2pitch  mono2roll  mono_height  monotrans  monoyaw  monoz1  monoz2  monoz3
#O5 ohsl1b  ohsl1h  ohsl1hgap  ohsl1l  ohsl1r  ohsl1t  ohsl1v  ohsl1vgap
#O6 ohsl2b  ohsl2h  ohsl2hgap  ohsl2l  ohsl2r  ohsl2t  ohsl2v  ohsl2vgap
#O7 phi  ps1v  ps1vg  ps2l  ps2r  ps2v  ps2vg  sl3b
#O8 sl3h  sl3hgap  sl3l  sl3r  sl3t  sl3v  sl3vgap  sl4b
#O9 sl4h  sl4hgap  sl4l  sl4r  sl4t  sl4v  sl4vgap  source_energy
#O10 und_en  undulator_gap  undulator_harmonic  undulator_phase  undulator_taper
#P0 1.0 0.0 94.8461685180664 20.7 23.57925647775689 0.999999965712496 9.34910283076545e-07 4.000001287515181
#P1 -0.8900000000000006 -2.6999999999999993 -0.71798828125 2 0.0 24 1 3000.0
#P2 3 1 1 516 -1 1000.0 2147483647.0 0.0
#P3 0 0 0 1556 4942.499857615656 0.0 25.873874999999998 11.229656249999998
#P4 0.06355011655011666 0.0295 3.906075 -21.0 -0.01 3.906075 3.9 3.9
#P5 19.95 0.60665 2.0 1.6066500000000001 -0.3933500000000001 22.95 21.45 3.0
#P6 19.45 -10.084000000000001 3.9999999999999964 -8.084000000000003 -12.084 23.450000000000003 21.450000000000003 4.0000000000000036
#P7 92.3537 0.38572000000000006 1.0 1.7031499999999995 0.4837600000000002 0.38651499999999994 0.8000000000000007 -0.09999999999999787
#P8 3.552713678800501e-15 0.20000000000000995 0.10000000000000853 -0.10000000000000142 0.09999999999999432 -1.7763568394002505e-15 0.19999999999999218 -2.043199999999999
#P9 -0.5645000000000024 4.0 1.4354999999999976 -2.5645000000000024 1.9567999999999977 -0.04320000000000057 3.9999999999999964 6.083469867706299
#P10 4892.404296875 14.802000045776367 1 0.0 0.0
#N 13
#L Pt_No  omega  eh_c01  eh_t01  sl_mon_b_vol  sl_mon_t_vol  lmbd_countsroi1  lmbd_countsroi1_atten  lmbd_countsroi2  lmbd_countsroi2_atten  lmbd_countsroi3  lmbd_countsroi3_atten  dt
0 44.975381250000005 3396.0 0.25 0.037265625000000004 0.035390625 6.0 6.0 356.0 356.0 11778.0 11778.0 0.28080129623413086
1 44.976015625 3528.0 0.25 0.036015625 0.035703125 16.0 16.0 369.0 369.0 11194.0 11194.0 0.5670151710510254
2 44.976584375 3433.0 0.25 0.035937500000000004 0.03515625 14.0 14.0 331.0 331.0 11200.0 11200.0 0.8691680431365967
3 44.977281250000004 3439.0 0.25 0.036484375 0.035546875 9.0 9.0 340.0 340.0 11109.0 11109.0 1.1630957126617432
4 44.97797187500001 3450.0 0.25 0.037109375 0.034765625 9.0 9.0 371.0 371.0 11065.0 11065.0 1.5126802921295166
5 44.978690625 3440.0 0.25 0.038984375 0.035390625 12.0 12.0 349.0 349.0 11089.0 11089.0 1.817162036895752
6 44.979271875 3522.0 0.25 0.035937500000000004 0.035390625 11.0 11.0 397.0 397.0 10919.0 10919.0 2.0941321849823
7 44.979968750000005 3468.0 0.25 0.03765625 0.034609375 13.0 13.0 367.0 367.0 11375.0 11375.0 2.4049220085144043
8 44.980537500000004 3479.0 0.25 0.039921875 0.034375 12.0 12.0 393.0 393.0 11055.0 11055.0 2.706939697265625
9 44.981321875000006 3408.0 0.25 0.0378125 0.034765625 20.0 20.0 406.0 406.0 11109.0 11109.0 3.042532444000244
10 44.982009375000004 3478.0 0.25 0.036953125 0.033203125 12.0 12.0 400.0 400.0 11190.0 11190.0 3.347811460494995
11 44.982690625000004 3336.0 0.25 0.038359375 0.035 10.0 10.0 411.0 411.0 11172.0 11172.0 3.6655068397521973
12 44.983390625 3364.0 0.25 0.03640625 0.03640625 13.0 13.0 417.0 417.0 11128.0 11128.0 3.9983103275299072
13 44.98409062500001 3440.0 0.25 0.03703125 0.035234375 11.0 11.0 425.0 425.0 11412.0 11412.0 4.374515056610107
14 44.984803125000006 3461.0 0.25 0.038359375 0.03375 22.0 22.0 421.0 421.0 10945.0 10945.0 4.673271894454956
15 44.9855 3416.0 0.25 0.03640625 0.036015625 8.0 8.0 416.0 416.0 11256.0 11256.0 4.997675180435181
16 44.986171875000004 3416.0 0.25 0.038203125 0.034453125 7.0 7.0 397.0 397.0 11393.0 11393.0 5.341568946838379
17 44.98698125 3476.0 0.25 0.039140625 0.036015625 14.0 14.0 414.0 414.0 11139.0 11139.0 5.688846826553345
18 44.987665625000005 3479.0 0.25 0.036953125 0.034296875 11.0 11.0 403.0 403.0 11226.0 11226.0 6.022941827774048
19 44.98845312500001 3415.0 0.25 0.037265625000000004 0.035234375 7.0 7.0 453.0 453.0 11123.0 11123.0 6.373189449310303
20 44.989153125 3476.0 0.25 0.03515625 0.033984375000000004 21.0 21.0 417.0 417.0 11132.0 11132.0 6.71425461769104
21 44.989871875000006 3373.0 0.25 0.039765625 0.03421875 17.0 17.0 468.0 468.0 11437.0 11437.0 7.033657550811768
22 44.990553125000005 3369.0 0.25 0.038125 0.035 15.0 15.0 446.0 446.0 11280.0 11280.0 7.334530830383301
23 44.991128125 3448.0 0.25 0.03609375 0.035390625 7.0 7.0 447.0 447.0 11379.0 11379.0 7.63602089881897
24 44.991934375 3436.0 0.25 0.0378125 0.0340625 14.0 14.0 434.0 434.0 11259.0 11259.0 7.995859861373901
25 44.99264062500001 3582.0 0.25 0.039140625 0.03484375 16.0 16.0 475.0 475.0 11187.0 11187.0 8.328631401062012
26 44.99335000000001 3334.0 0.25 0.0378125 0.0365625 15.0 15.0 477.0 477.0 11145.0 11145.0 8.666505098342896
27 44.994015625 3368.0 0.25 0.038203125 0.035546875 7.0 7.0 445.0 445.0 11257.0 11257.0 8.964597702026367
28 44.994687500000005 3471.0 0.25 0.03765625 0.034921875 13.0 13.0 468.0 468.0 11335.0 11335.0 9.276307106018066
29 44.995365625000005 3378.0 0.25 0.037265625000000004 0.035234375 15.0 15.0 458.0 458.0 11268.0 11268.0 9.593661069869995
30 44.99602812500001 3457.0 0.25 0.036328125 0.036015625 13.0 13.0 470.0 470.0 11247.0 11247.0 9.915994882583618
31 44.996703125 3437.0 0.25 0.03890625 0.03515625 12.0 12.0 516.0 516.0 11427.0 11427.0 10.246292114257812
32 44.99738437500001 3396.0 0.25 0.0378125 0.033359375000000004 16.0 16.0 503.0 503.0 11009.0 11009.0 10.539183855056763
33 44.99817187500001 3357.0 0.25 0.03734375 0.03453125 13.0 13.0 534.0 534.0 11414.0 11414.0 10.899791240692139
34 44.998946875 3429.0 0.25 0.036875 0.034140625 22.0 22.0 545.0 545.0 11362.0 11362.0 11.306246042251587
35 44.99974375000001 3298.0 0.25 0.03671875 0.03359375 23.0 23.0 540.0 540.0 11560.0 11560.0 11.625041007995605
36 45.00042500000001 3408.0 0.25 0.0384375 0.035078125 14.0 14.0 523.0 523.0 11256.0 11256.0 11.963433265686035
37 45.00110000000001 3452.0 0.25 0.0384375 0.034140625 15.0 15.0 540.0 540.0 11152.0 11152.0 12.299226999282837
38 45.001768750000004 3363.0 0.25 0.036953125 0.0365625 14.0 14.0 562.0 562.0 11383.0 11383.0 12.603501558303833
39 45.0025625 3465.0 0.25 0.041015625 0.035546875 10.0 10.0 573.0 573.0 11155.0 11155.0 12.93283724784851
40 45.00301875 3281.0 0.25 0.037734375 0.035859375 11.0 11.0 588.0 588.0 11466.0 11466.0 13.198678493499756
41 45.003693750000004 3445.0 0.25 0.03796875 0.036171875 14.0 14.0 553.0 553.0 11403.0 11403.0 13.488314867019653
42 45.004368750000005 3431.0 0.25 0.037265625000000004 0.033203125 8.0 8.0 605.0 605.0 11478.0 11478.0 13.819014549255371
43 45.004909375000004 3376.0 0.25 0.0390625 0.033203125 5.0 5.0 615.0 615.0 11208.0 11208.0 14.114329099655151
