#S 13589 ascan omega 14.7972 14.8372 40 0.5
#U p23user
#D Sun Jun 13 12:53:42 2021
#C Acquisition started at Sun Jun 13 12:53:42 2021
#O0 atten  attenpos  avg_beamcurrent  dcm_exitoffset  dcmbragg  diffractometer_h  diffractometer_k  diffractometer_l
#O1 gx  gy  gz  lmbd_compressionrate  lmbd_delaytime  lmbd_depth  lmbd_distortioncorrection  lmbd_energythreshold
#O2 lmbd_filestartnum  lmbd_framenumbers  lmbd_framesperfile  lmbd_height  lmbd_latestimagenumber  lmbd_shuttertime  lmbd_shuttertimemax  lmbd_shuttertimemin
#O3 lmbd_threadno  lmbd_totallossframes  lmbd_triggermode  lmbd_width  mnchrmtr  mono1roll  mono2par  mono2perp
#O4 mono2pitch  mono2roll  mono_height  monotrans  monoyaw  monoz1  monoz2  monoz3
#O5 ohsl1b  ohsl1h  ohsl1hgap  ohsl1l  ohsl1r  ohsl1t  ohsl1v  ohsl1vgap
#O6 ohsl2b  ohsl2h  ohsl2hgap  ohsl2l  ohsl2r  ohsl2t  ohsl2v  ohsl2vgap
#O7 phi  ps1v  ps1vg  ps2l  ps2r  ps2v  ps2vg  sl3b
#O8 sl3h  sl3hgap  sl3l  sl3r  sl3t  sl3v  sl3vgap  sl4b
#O9 sl4h  sl4hgap  sl4l  sl4r  sl4t  sl4v  sl4vgap  source_energy
#O10 und_en  undulator_gap  undulator_harmonic  undulator_phase  undulator_taper
#P0 1.0 0.0 94.30998229980469 20.7 23.42596722471395 1.0000007556136334 4.92454200015472e-08 9.011843260269979e-05
#P1 -0.8900000000000006 -3.0 -0.71798828125 2 0.0 24 1 2300.0
#P2 0 1 1 516 -1 1000.0 2147483647.0 0.0
#P3 0 0 0 1556 4973.001323120733 0.0 26.033562499999988 11.216124999999998
#P4 0.06485081585081587 0.0295 3.906075 -21.0 -0.01 3.906075 3.9 3.9
#P5 19.95 0.60665 2.0 1.6066500000000001 -0.3933500000000001 22.95 21.45 3.0
#P6 19.45 -10.084000000000001 3.9999999999999964 -8.084000000000003 -12.084 23.450000000000003 21.450000000000003 4.0000000000000036
#P7 -0.160000000000025 0.38572000000000006 1.0 1.7031499999999995 0.4837600000000002 0.38651499999999994 0.8000000000000007 -0.09999999999999787
#P8 3.552713678800501e-15 0.20000000000000995 0.10000000000000853 -0.10000000000000142 0.09999999999999432 -1.7763568394002505e-15 0.19999999999999218 -2.043199999999999
#P9 -0.5645000000000024 4.0 1.4354999999999976 -2.5645000000000024 1.9567999999999977 -0.04320000000000057 3.9999999999999964 6.083441734313965
#P10 4922.79150390625 14.855999946594238 1 0.0 0.0
#N 13
#L Pt_No  omega  eh_c01  eh_t01  sl_mon_b_vol  sl_mon_t_vol  lmbd_countsroi1  lmbd_countsroi1_atten  lmbd_countsroi2  lmbd_countsroi2_atten  lmbd_countsroi3  lmbd_countsroi3_atten  dt
0 14.797606250000008 8174.0 0.5 0.035703125 0.03453125 86.0 86.0 702.0 702.0 245.0 245.0 0.5419018268585205
1 14.798715625 8173.0 0.5 0.0334375 0.03375 96.0 96.0 496.0 496.0 288.0 288.0 1.127974271774292
2 14.799712500000005 8025.0 0.5 0.03390625 0.03296875 114.0 114.0 567.0 567.0 233.0 233.0 1.6938540935516357
3 14.800921875000007 8258.0 0.5 0.03328125 0.03125 131.0 131.0 585.0 585.0 199.0 199.0 2.307159900665283
4 14.802112500000007 8214.0 0.5 0.032890625 0.03296875 160.0 160.0 663.0 663.0 254.0 254.0 2.9186291694641113
5 14.803225000000005 8306.0 0.5 0.033359375000000004 0.03375 203.0 203.0 732.0 732.0 223.0 223.0 3.52250337600708
6 14.804331250000004 8164.0 0.5 0.033359375000000004 0.032734375 236.0 236.0 765.0 765.0 222.0 222.0 4.112789869308472
7 14.805534375 8210.0 0.5 0.033359375000000004 0.032734375 330.0 330.0 865.0 865.0 240.0 240.0 4.703876733779907
8 14.80655625 8164.0 0.5 0.035390625 0.033125 398.0 398.0 941.0 941.0 241.0 241.0 5.2777745723724365
9 14.807753125000005 7933.0 0.5 0.032734375 0.032578125 494.0 494.0 1034.0 1034.0 204.0 204.0 5.858224630355835
10 14.808750000000003 8156.0 0.5 0.033515625 0.033828125 742.0 742.0 1333.0 1333.0 230.0 230.0 6.420984506607056
11 14.809871875000006 7999.0 0.5 0.033203125 0.032578125 1184.0 1184.0 1892.0 1892.0 210.0 210.0 7.00438666343689
12 14.810971875 8029.0 0.5 0.033359375000000004 0.0346875 1819.0 1819.0 2579.0 2579.0 218.0 218.0 7.588282108306885
13 14.81217500000001 8204.0 0.5 0.03390625 0.032578125 2354.0 2354.0 3101.0 3101.0 232.0 232.0 8.188099145889282
14 14.813368750000002 8096.0 0.5 0.035625000000000004 0.032421875 3739.0 3739.0 4409.0 4409.0 221.0 221.0 8.805489778518677
15 14.81455625000001 8150.0 0.5 0.0346875 0.0309375 6415.0 6415.0 6995.0 6995.0 228.0 228.0 9.419978857040405
16 14.815753125000008 8198.0 0.5 0.03375 0.033671875000000004 8997.0 8997.0 9502.0 9502.0 239.0 239.0 10.059997081756592
17 14.816940625000008 8121.0 0.5 0.033125 0.032578125 8147.0 8147.0 8574.0 8574.0 215.0 215.0 10.742158651351929
18 14.818131250000008 8222.0 0.5 0.036953125 0.03296875 5422.0 5422.0 5753.0 5753.0 193.0 193.0 11.34691071510315
19 14.819340625000002 8126.0 0.5 0.035078125 0.035937500000000004 3474.0 3474.0 3835.0 3835.0 262.0 262.0 11.935434103012085
20 14.820362500000002 8132.0 0.5 0.0328125 0.03515625 2233.0 2233.0 2584.0 2584.0 217.0 217.0 12.49353814125061
21 14.821759375000006 8079.0 0.5 0.031640625 0.03421875 1461.0 1461.0 1819.0 1819.0 217.0 217.0 13.180757284164429
22 14.822862500000006 8171.0 0.5 0.032578125 0.03578125 970.0 970.0 1235.0 1235.0 214.0 214.0 13.806772708892822
23 14.823975000000004 8157.0 0.5 0.035078125 0.036484375 750.0 750.0 1022.0 1022.0 245.0 245.0 14.402890682220459
24 14.825281250000003 8176.0 0.5 0.032265625 0.032734375 558.0 558.0 769.0 769.0 213.0 213.0 15.061387300491333
25 14.826368750000007 8212.0 0.5 0.0328125 0.035546875 477.0 477.0 764.0 764.0 263.0 263.0 15.644289016723633
26 14.827550000000002 8134.0 0.5 0.032578125 0.03515625 389.0 389.0 735.0 735.0 238.0 238.0 16.246341228485107
27 14.828728125000005 8334.0 0.5 0.035390625 0.03421875 308.0 308.0 595.0 595.0 223.0 223.0 16.874834537506104
28 14.830121875000003 8356.0 0.5 0.033984375000000004 0.033203125 249.0 249.0 514.0 514.0 216.0 216.0 17.54242181777954
29 14.831309375000004 8366.0 0.5 0.035546875 0.03359375 247.0 247.0 564.0 564.0 196.0 196.0 18.207900524139404
30 14.832528125000003 8206.0 0.5 0.034921875 0.03328125 200.0 200.0 435.0 435.0 217.0 217.0 18.81023359298706
31 14.833525000000009 8243.0 0.5 0.033203125 0.03515625 188.0 188.0 433.0 433.0 231.0 231.0 19.383164405822754
32 14.834546875000008 8289.0 0.5 0.033984375000000004 0.03390625 166.0 166.0 436.0 436.0 201.0 201.0 19.932843923568726
33 14.835750000000004 8208.0 0.5 0.034765625 0.0340625 145.0 145.0 380.0 380.0 241.0 241.0 20.5699462890625
34 14.836821875000005 8271.0 0.5 0.034140625 0.035 114.0 114.0 421.0 421.0 240.0 240.0 21.213054895401
