#S 13557 ascan omega 14.8967 14.9367 40 0.5
#U p23user
#D Sun Jun 13 12:32:58 2021
#C Acquisition started at Sun Jun 13 12:32:58 2021
#O0 atten  attenpos  avg_beamcurrent  dcm_exitoffset  dcmbragg  diffractometer_h  diffractometer_k  diffractometer_l
#O1 gx  gy  gz  lmbd_compressionrate  lmbd_delaytime  lmbd_depth  lmbd_distortioncorrection  lmbd_energythreshold
#O2 lmbd_filestartnum  lmbd_framenumbers  lmbd_framesperfile  lmbd_height  lmbd_latestimagenumber  lmbd_shuttertime  lmbd_shuttertimemax  lmbd_shuttertimemin
#O3 lmbd_threadno  lmbd_totallossframes  lmbd_triggermode  lmbd_width  mnchrmtr  mono1roll  mono2par  mono2perp
#O4 mono2pitch  mono2roll  mono_height  monotrans  monoyaw  monoz1  monoz2  monoz3
#O5 ohsl1b  ohsl1h  ohsl1hgap  ohsl1l  ohsl1r  ohsl1t  ohsl1v  ohsl1vgap
#O6 ohsl2b  ohsl2h  ohsl2hgap  ohsl2l  ohsl2r  ohsl2t  ohsl2v  ohsl2vgap
#O7 phi  ps1v  ps1vg  ps2l  ps2r  ps2v  ps2vg  sl3b
#O8 sl3h  sl3hgap  sl3l  sl3r  sl3t  sl3v  sl3vgap  sl4b
#O9 sl4h  sl4hgap  sl4l  sl4r  sl4t  sl4v  sl4vgap  source_energy
#O10 und_en  undulator_gap  undulator_harmonic  undulator_phase  undulator_taper
#P0 1.0 0.0 94.2825698852539 20.7 23.586840223945625 1.0000007381026628 4.924540968262554e-08 9.011839655228975e-05
#P1 -0.8900000000000006 -3.0 -0.71798828125 2 0.0 24 1 2300.0
#P2 0 1 1 516 -1 1000.0 2147483647.0 0.0
#P3 0 0 0 1556 4941.0018087758945 0.0 25.866062499999998 11.230312499999998
#P4 0.06485081585081587 0.0295 3.906075 -21.0 -0.01 3.906075 3.9 3.9
#P5 19.95 0.60665 2.0 1.6066500000000001 -0.3933500000000001 22.95 21.45 3.0
#P6 19.45 -10.084000000000001 3.9999999999999964 -8.084000000000003 -12.084 23.450000000000003 21.450000000000003 4.0000000000000036
#P7 -0.160000000000025 0.38572000000000006 1.0 1.7031499999999995 0.4837600000000002 0.38651499999999994 0.8000000000000007 -0.09999999999999787
#P8 3.552713678800501e-15 0.20000000000000995 0.10000000000000853 -0.10000000000000142 0.09999999999999432 -1.7763568394002505e-15 0.19999999999999218 -2.043199999999999
#P9 -0.5645000000000024 4.0 1.4354999999999976 -2.5645000000000024 1.9567999999999977 -0.04320000000000057 3.9999999999999964 6.083441734313965
#P10 4890.716796875 14.798999786376953 1 0.0 0.0
#N 13
#L Pt_No  omega  eh_c01  eh_t01  sl_mon_b_vol  sl_mon_t_vol  lmbd_countsroi1  lmbd_countsroi1_atten  lmbd_countsroi2  lmbd_countsroi2_atten  lmbd_countsroi3  lmbd_countsroi3_atten  dt
0 14.897156250000002 7266.0 0.5 0.032109375 0.034453125 5375.0 5375.0 20961.0 20961.0 213.0 213.0 0.5309820175170898
1 14.898200000000003 7231.0 0.5 0.034296875 0.03453125 6195.0 6195.0 22645.0 22645.0 214.0 214.0 1.1142606735229492
2 14.899209375000005 7255.0 0.5 0.032421875 0.0340625 7464.0 7464.0 24818.0 24818.0 184.0 184.0 1.652212142944336
3 14.900409375000002 7361.0 0.5 0.034921875 0.034296875 9368.0 9368.0 27941.0 27941.0 223.0 223.0 2.2813034057617188
4 14.90160625 7179.0 0.5 0.03296875 0.033125 11806.0 11806.0 31870.0 31870.0 205.0 205.0 2.9091334342956543
5 14.902887500000006 7275.0 0.5 0.034375 0.031406250000000004 15448.0 15448.0 37749.0 37749.0 196.0 196.0 3.6229848861694336
6 14.904084375000004 7291.0 0.5 0.033984375000000004 0.031328125 20086.0 20086.0 44134.0 44134.0 207.0 207.0 4.192427396774292
7 14.905300000000004 7340.0 0.5 0.031875 0.033828125 27065.0 27065.0 53483.0 53483.0 199.0 199.0 4.849571943283081
8 14.906506250000007 7244.0 0.5 0.031718750000000004 0.03515625 36717.0 36717.0 65966.0 65966.0 214.0 214.0 5.474861145019531
9 14.907721875 7272.0 0.5 0.033359375000000004 0.0328125 51107.0 51107.0 84010.0 84010.0 193.0 193.0 6.123889207839966
10 14.908837500000004 7191.0 0.5 0.03359375 0.03359375 71560.0 71560.0 108430.0 108430.0 220.0 220.0 6.6921937465667725
11 14.910040625 7237.0 0.5 0.03234375 0.032734375 112237.0 112237.0 152711.0 152711.0 217.0 217.0 7.317758321762085
12 14.911115625000008 7376.0 0.5 0.033515625 0.031953125 169691.0 169691.0 212820.0 212820.0 213.0 213.0 7.879364013671875
13 14.912106250000008 7309.0 0.5 0.034765625 0.03359375 260715.0 260715.0 305912.0 305912.0 223.0 223.0 8.423142671585083
14 14.913300000000007 7412.0 0.5 0.03328125 0.033359375000000004 409921.0 409921.0 447514.0 447514.0 189.0 189.0 8.999033451080322
15 14.914500000000004 7239.0 0.5 0.03203125 0.032421875 550432.0 550432.0 578396.0 578396.0 235.0 235.0 9.608355045318604
16 14.915506250000007 7469.0 0.5 0.034296875 0.032421875 551459.0 551459.0 570368.0 570368.0 209.0 209.0 10.18006420135498
17 14.916531250000006 7337.0 0.5 0.033203125 0.031718750000000004 427566.0 427566.0 441407.0 441407.0 217.0 217.0 10.73163366317749
18 14.917659375000007 7417.0 0.5 0.03390625 0.033671875000000004 288328.0 288328.0 300003.0 300003.0 210.0 210.0 11.290122747421265
19 14.918762500000007 7333.0 0.5 0.032421875 0.032890625 190660.0 190660.0 200461.0 200461.0 210.0 210.0 11.858283281326294
20 14.919859375000009 7397.0 0.5 0.0340625 0.033515625 128758.0 128758.0 137307.0 137307.0 219.0 219.0 12.445119619369507
21 14.920950000000005 7417.0 0.5 0.03265625 0.034140625 92578.0 92578.0 100198.0 100198.0 191.0 191.0 13.027206897735596
22 14.922046875000007 7462.0 0.5 0.034765625 0.032734375 69222.0 69222.0 75804.0 75804.0 218.0 218.0 13.599427700042725
23 14.923150000000007 7356.0 0.5 0.03421875 0.033046875 54198.0 54198.0 60246.0 60246.0 212.0 212.0 14.151512622833252
24 14.924334375 7242.0 0.5 0.032421875 0.033671875000000004 43260.0 43260.0 48841.0 48841.0 209.0 209.0 14.754518508911133
25 14.925546875000002 7435.0 0.5 0.032578125 0.032109375 34144.0 34144.0 39334.0 39334.0 191.0 191.0 15.391222476959229
26 14.926562500000003 7463.0 0.5 0.035859375 0.032890625 28865.0 28865.0 33716.0 33716.0 243.0 243.0 15.975180864334106
27 14.9277625 7437.0 0.5 0.034609375 0.032265625 24476.0 24476.0 29137.0 29137.0 213.0 213.0 16.575291872024536
28 14.928771875000002 7382.0 0.5 0.033359375000000004 0.032109375 21057.0 21057.0 25510.0 25510.0 212.0 212.0 17.141271114349365
29 14.9298875 7299.0 0.5 0.0346875 0.032421875 17990.0 17990.0 22226.0 22226.0 219.0 219.0 17.691953420639038
30 14.931003125000004 7407.0 0.5 0.032109375 0.0334375 15878.0 15878.0 20126.0 20126.0 211.0 211.0 18.278468132019043
31 14.932215625000005 7340.0 0.5 0.0328125 0.03359375 14091.0 14091.0 18090.0 18090.0 212.0 212.0 18.87232232093811
32 14.933209375000004 7309.0 0.5 0.033125 0.03265625 12287.0 12287.0 16271.0 16271.0 212.0 212.0 19.459991693496704
33 14.93440312500001 7268.0 0.5 0.033515625 0.032734375 10960.0 10960.0 14787.0 14787.0 190.0 190.0 20.029956340789795
34 14.935434375000007 7383.0 0.5 0.0371875 0.03390625 9673.0 9673.0 13893.0 13893.0 203.0 203.0 20.619280099868774
35 14.93650000000001 7502.0 0.5 0.034765625 0.032578125 8414.0 8414.0 12887.0 12887.0 215.0 215.0 21.213181018829346
