#S 13549 ascan omega 14.9218 14.9618 40 0.5
#U p23user
#D Sun Jun 13 12:27:46 2021
#C Acquisition started at Sun Jun 13 12:27:46 2021
#O0 atten  attenpos  avg_beamcurrent  dcm_exitoffset  dcmbragg  diffractometer_h  diffractometer_k  diffractometer_l
#O1 gx  gy  gz  lmbd_compressionrate  lmbd_delaytime  lmbd_depth  lmbd_distortioncorrection  lmbd_energythreshold
#O2 lmbd_filestartnum  lmbd_framenumbers  lmbd_framesperfile  lmbd_height  lmbd_latestimagenumber  lmbd_shuttertime  lmbd_shuttertimemax  lmbd_shuttertimemin
#O3 lmbd_threadno  lmbd_totallossframes  lmbd_triggermode  lmbd_width  mnchrmtr  mono1roll  mono2par  mono2perp
#O4 mono2pitch  mono2roll  mono_height  monotrans  monoyaw  monoz1  monoz2  monoz3
#O5 ohsl1b  ohsl1h  ohsl1hgap  ohsl1l  ohsl1r  ohsl1t  ohsl1v  ohsl1vgap
#O6 ohsl2b  ohsl2h  ohsl2hgap  ohsl2l  ohsl2r  ohsl2t  ohsl2v  ohsl2vgap
#O7 phi  ps1v  ps1vg  ps2l  ps2r  ps2v  ps2vg  sl3b
#O8 sl3h  sl3hgap  sl3l  sl3r  sl3t  sl3v  sl3vgap  sl4b
#O9 sl4h  sl4hgap  sl4l  sl4r  sl4t  sl4v  sl4vgap  source_energy
#O10 und_en  undulator_gap  undulator_harmonic  undulator_phase  undulator_taper
#P0 1.0 0.0 94.83208465576172 20.7 23.627413501859476 1.0000005150092603 4.92454128094218e-08 9.011839354479577e-05
#P1 -0.8900000000000006 -3.0 -0.71798828125 2 0.0 24 1 2300.0
#P2 0 1 1 516 -1 1000.0 2147483647.0 0.0
#P3 0 0 0 1556 4932.999138183998 0.0 25.824187499999994 11.233906249999999
#P4 0.06485081585081587 0.0295 3.906075 -21.0 -0.01 3.906075 3.9 3.9
#P5 19.95 0.60665 2.0 1.6066500000000001 -0.3933500000000001 22.95 21.45 3.0
#P6 19.45 -10.084000000000001 3.9999999999999964 -8.084000000000003 -12.084 23.450000000000003 21.450000000000003 4.0000000000000036
#P7 -0.160000000000025 0.38572000000000006 1.0 1.7031499999999995 0.4837600000000002 0.38651499999999994 0.8000000000000007 -0.09999999999999787
#P8 3.552713678800501e-15 0.20000000000000995 0.10000000000000853 -0.10000000000000142 0.09999999999999432 -1.7763568394002505e-15 0.19999999999999218 -2.043199999999999
#P9 -0.5645000000000024 4.0 1.4354999999999976 -2.5645000000000024 1.9567999999999977 -0.04320000000000057 3.9999999999999964 6.083469867706299
#P10 4882.8447265625 14.78499984741211 1 0.0 0.0
#N 13
#L Pt_No  omega  eh_c01  eh_t01  sl_mon_b_vol  sl_mon_t_vol  lmbd_countsroi1  lmbd_countsroi1_atten  lmbd_countsroi2  lmbd_countsroi2_atten  lmbd_countsroi3  lmbd_countsroi3_atten  dt
0 14.92224375 7156.0 0.5 0.033359375000000004 0.033515625 191.0 191.0 1215.0 1215.0 225.0 225.0 0.5477056503295898
1 14.923362500000003 7259.0 0.5 0.032265625 0.03328125 239.0 239.0 982.0 982.0 216.0 216.0 1.1846940517425537
2 14.924578125000004 7313.0 0.5 0.033359375000000004 0.033828125 297.0 297.0 1112.0 1112.0 188.0 188.0 1.8238584995269775
3 14.925756250000006 7241.0 0.5 0.03328125 0.032265625 352.0 352.0 1136.0 1136.0 198.0 198.0 2.4020400047302246
4 14.926928125000003 7115.0 0.5 0.031406250000000004 0.032578125 442.0 442.0 1237.0 1237.0 229.0 229.0 3.011094331741333
5 14.928106250000006 7262.0 0.5 0.03390625 0.031406250000000004 543.0 543.0 1458.0 1458.0 216.0 216.0 3.613361120223999
6 14.929303125000011 7274.0 0.5 0.032890625 0.033203125 727.0 727.0 1734.0 1734.0 216.0 216.0 4.25211763381958
7 14.930309375000007 7289.0 0.5 0.0346875 0.031796875 872.0 872.0 1877.0 1877.0 217.0 217.0 4.806556463241577
8 14.931503124999999 7368.0 0.5 0.03453125 0.033359375000000004 1149.0 1149.0 2340.0 2340.0 201.0 201.0 5.442324638366699
9 14.932696875000005 7326.0 0.5 0.033515625 0.03390625 1578.0 1578.0 2712.0 2712.0 191.0 191.0 6.008765935897827
10 14.933887500000004 7218.0 0.5 0.032109375 0.032421875 2210.0 2210.0 3588.0 3588.0 181.0 181.0 6.6408445835113525
11 14.935084375000002 7307.0 0.5 0.033671875000000004 0.032421875 3639.0 3639.0 5218.0 5218.0 221.0 221.0 7.285158395767212
12 14.936268750000004 7308.0 0.5 0.0328125 0.0340625 5638.0 5638.0 7231.0 7231.0 202.0 202.0 7.917171955108643
13 14.937453125000005 7319.0 0.5 0.034765625 0.034140625 8796.0 8796.0 10436.0 10436.0 210.0 210.0 8.513832569122314
14 14.938628125000008 7217.0 0.5 0.033203125 0.03203125 16239.0 16239.0 17646.0 17646.0 183.0 183.0 9.16246247291565
15 14.940009375000002 7227.0 0.5 0.030703125 0.031015625 25706.0 25706.0 26894.0 26894.0 234.0 234.0 9.849210500717163
16 14.94120000000001 7237.0 0.5 0.03328125 0.0315625 25941.0 25941.0 26751.0 26751.0 178.0 178.0 10.463134527206421
17 14.94221562500001 7178.0 0.5 0.033828125 0.03453125 18101.0 18101.0 18795.0 18795.0 185.0 185.0 11.047914028167725
18 14.943325000000009 7145.0 0.5 0.0325 0.0321875 11262.0 11262.0 11885.0 11885.0 218.0 218.0 11.613106966018677
19 14.94456562500001 7251.0 0.5 0.034296875 0.033203125 6647.0 6647.0 7188.0 7188.0 225.0 225.0 12.266177415847778
20 14.945693750000004 7247.0 0.5 0.03359375 0.0328125 4308.0 4308.0 4866.0 4866.0 206.0 206.0 12.874351978302002
21 14.946884375000003 7341.0 0.5 0.033046875 0.035234375 3010.0 3010.0 3467.0 3467.0 206.0 206.0 13.490625143051147
22 14.948253125000008 7182.0 0.5 0.03125 0.03328125 2249.0 2249.0 2626.0 2626.0 199.0 199.0 14.139500379562378
23 14.949449999999999 7130.0 0.5 0.031640625 0.034765625 1654.0 1654.0 2049.0 2049.0 235.0 235.0 14.809632301330566
24 14.950656250000009 7210.0 0.5 0.0315625 0.033203125 1273.0 1273.0 1649.0 1649.0 205.0 205.0 15.458320140838623
25 14.952053125000006 7208.0 0.5 0.0340625 0.035312500000000004 996.0 996.0 1422.0 1422.0 215.0 215.0 16.151184558868408
26 14.953346875000001 7371.0 0.5 0.03453125 0.03328125 884.0 884.0 1214.0 1214.0 202.0 202.0 16.837382555007935
27 14.954446875000002 7388.0 0.5 0.031718750000000004 0.033671875000000004 736.0 736.0 1059.0 1059.0 192.0 192.0 17.38125443458557
28 14.955634375000002 7001.0 0.5 0.0325 0.03203125 587.0 587.0 888.0 888.0 207.0 207.0 18.02123212814331
29 14.956828125000008 7273.0 0.5 0.0321875 0.033984375000000004 605.0 605.0 922.0 922.0 209.0 209.0 18.62659525871277
30 14.958012500000002 7229.0 0.5 0.034375 0.032578125 437.0 437.0 738.0 738.0 222.0 222.0 19.242605924606323
31 14.959009375 7329.0 0.5 0.034140625 0.0321875 435.0 435.0 727.0 727.0 195.0 195.0 19.832951545715332
32 14.960293750000005 7241.0 0.5 0.0340625 0.034140625 341.0 341.0 631.0 631.0 200.0 200.0 20.474174976348877
33 14.9613875 7274.0 0.5 0.035078125 0.03453125 314.0 314.0 608.0 608.0 187.0 187.0 21.067132711410522
