#S 13571 ascan omega 14.8530 14.8930 40 0.5
#U p23user
#D Sun Jun 13 12:42:03 2021
#C Acquisition started at Sun Jun 13 12:42:03 2021
#O0 atten  attenpos  avg_beamcurrent  dcm_exitoffset  dcmbragg  diffractometer_h  diffractometer_k  diffractometer_l
#O1 gx  gy  gz  lmbd_compressionrate  lmbd_delaytime  lmbd_depth  lmbd_distortioncorrection  lmbd_energythreshold
#O2 lmbd_filestartnum  lmbd_framenumbers  lmbd_framesperfile  lmbd_height  lmbd_latestimagenumber  lmbd_shuttertime  lmbd_shuttertimemax  lmbd_shuttertimemin
#O3 lmbd_threadno  lmbd_totallossframes  lmbd_triggermode  lmbd_width  mnchrmtr  mono1roll  mono2par  mono2perp
#O4 mono2pitch  mono2roll  mono_height  monotrans  monoyaw  monoz1  monoz2  monoz3
#O5 ohsl1b  ohsl1h  ohsl1hgap  ohsl1l  ohsl1r  ohsl1t  ohsl1v  ohsl1vgap
#O6 ohsl2b  ohsl2h  ohsl2hgap  ohsl2l  ohsl2r  ohsl2t  ohsl2v  ohsl2vgap
#O7 phi  ps1v  ps1vg  ps2l  ps2r  ps2v  ps2vg  sl3b
#O8 sl3h  sl3hgap  sl3l  sl3r  sl3t  sl3v  sl3vgap  sl4b
#O9 sl4h  sl4hgap  sl4l  sl4r  sl4t  sl4v  sl4vgap  source_energy
#O10 und_en  undulator_gap  undulator_harmonic  undulator_phase  undulator_taper
#P0 1.0 0.0 94.65563201904297 20.7 23.5161724457471 1.0000013233475082 4.92454338794843e-08 9.011844929404226e-05
#P1 -0.8900000000000006 -3.0 -0.71798828125 2 0.0 24 1 2300.0
#P2 0 1 1 516 -1 1000.0 2147483647.0 0.0
#P3 0 0 0 1556 4954.999498513579 0.0 25.9393125 11.224062499999999
#P4 0.06485081585081587 0.0295 3.906075 -21.0 -0.01 3.906075 3.9 3.9
#P5 19.95 0.60665 2.0 1.6066500000000001 -0.3933500000000001 22.95 21.45 3.0
#P6 19.45 -10.084000000000001 3.9999999999999964 -8.084000000000003 -12.084 23.450000000000003 21.450000000000003 4.0000000000000036
#P7 -0.160000000000025 0.38572000000000006 1.0 1.7031499999999995 0.4837600000000002 0.38651499999999994 0.8000000000000007 -0.09999999999999787
#P8 3.552713678800501e-15 0.20000000000000995 0.10000000000000853 -0.10000000000000142 0.09999999999999432 -1.7763568394002505e-15 0.19999999999999218 -2.043199999999999
#P9 -0.5645000000000024 4.0 1.4354999999999976 -2.5645000000000024 1.9567999999999977 -0.04320000000000057 3.9999999999999964 6.083469867706299
#P10 4904.78173828125 14.824000358581543 1 0.0 0.0
#N 13
#L Pt_No  omega  eh_c01  eh_t01  sl_mon_b_vol  sl_mon_t_vol  lmbd_countsroi1  lmbd_countsroi1_atten  lmbd_countsroi2  lmbd_countsroi2_atten  lmbd_countsroi3  lmbd_countsroi3_atten  dt
0 14.853428125000008 7606.0 0.5 0.034296875 0.03359375 461.0 461.0 1998.0 1998.0 241.0 241.0 0.5392398834228516
1 14.854556250000002 7859.0 0.5 0.03546875 0.033515625 564.0 564.0 2002.0 2002.0 218.0 218.0 1.171675205230713
2 14.855762500000004 7623.0 0.5 0.035703125 0.03359375 683.0 683.0 2149.0 2149.0 222.0 222.0 1.7713477611541748
3 14.856762500000002 7923.0 0.5 0.034765625 0.033671875000000004 795.0 795.0 2397.0 2397.0 246.0 246.0 2.3165299892425537
4 14.857968750000005 7652.0 0.5 0.033671875000000004 0.03328125 1040.0 1040.0 2768.0 2768.0 224.0 224.0 2.94700288772583
5 14.859087500000001 7655.0 0.5 0.033984375000000004 0.03234375 1227.0 1227.0 2979.0 2979.0 225.0 225.0 3.5489580631256104
6 14.860365625000007 7756.0 0.5 0.0346875 0.033125 1608.0 1608.0 3459.0 3459.0 218.0 218.0 4.225075721740723
7 14.861568750000004 7757.0 0.5 0.03515625 0.032734375 2054.0 2054.0 4119.0 4119.0 213.0 213.0 4.816311359405518
8 14.862587500000004 7649.0 0.5 0.0346875 0.0325 2655.0 2655.0 4835.0 4835.0 209.0 209.0 5.414935350418091
9 14.863775000000004 7677.0 0.5 0.033828125 0.034375 3536.0 3536.0 5935.0 5935.0 241.0 241.0 5.988388776779175
10 14.864896875000007 7620.0 0.5 0.033828125 0.03234375 4868.0 4868.0 7558.0 7558.0 208.0 208.0 6.576802730560303
11 14.866015625000003 7653.0 0.5 0.034609375 0.0315625 7630.0 7630.0 10673.0 10673.0 246.0 246.0 7.181429862976074
12 14.86717812500001 7613.0 0.5 0.03421875 0.0325 11281.0 11281.0 14442.0 14442.0 210.0 210.0 7.795992612838745
13 14.868409375000006 7671.0 0.5 0.0325 0.03265625 17164.0 17164.0 20301.0 20301.0 227.0 227.0 8.412055015563965
14 14.869703125000008 7871.0 0.5 0.036171875 0.03203125 30193.0 30193.0 32901.0 32901.0 228.0 228.0 9.07925271987915
15 14.870806250000008 7847.0 0.5 0.034296875 0.034921875 47597.0 47597.0 49751.0 49751.0 209.0 209.0 9.664270877838135
16 14.871818750000003 7661.0 0.5 0.0346875 0.033359375000000004 58388.0 58388.0 60078.0 60078.0 219.0 219.0 10.20792841911316
17 14.872909375000006 7714.0 0.5 0.03484375 0.035625000000000004 53601.0 53601.0 55004.0 55004.0 216.0 216.0 10.770353555679321
18 14.874096875000006 7631.0 0.5 0.034296875 0.03359375 36787.0 36787.0 37994.0 37994.0 245.0 245.0 11.373964071273804
19 14.875200000000007 7727.0 0.5 0.034296875 0.034140625 22376.0 22376.0 23502.0 23502.0 198.0 198.0 11.979092836380005
20 14.87631875000001 7727.0 0.5 0.0309375 0.033359375000000004 15008.0 15008.0 15887.0 15887.0 202.0 202.0 12.532158374786377
21 14.877440625000006 7736.0 0.5 0.032109375 0.032734375 9867.0 9867.0 10665.0 10665.0 278.0 278.0 13.138625144958496
22 14.878540625000007 7628.0 0.5 0.035 0.032890625 7172.0 7172.0 7928.0 7928.0 246.0 246.0 13.70150637626648
23 14.879668750000008 7651.0 0.5 0.03578125 0.03328125 5360.0 5360.0 6046.0 6046.0 181.0 181.0 14.298600435256958
24 14.880775000000007 7594.0 0.5 0.034296875 0.0321875 4189.0 4189.0 4886.0 4886.0 224.0 224.0 14.849681615829468
25 14.881965625000007 7890.0 0.5 0.032109375 0.034921875 3333.0 3333.0 4033.0 4033.0 209.0 209.0 15.489031076431274
26 14.882956250000007 7849.0 0.5 0.032265625 0.033125 2802.0 2802.0 3410.0 3410.0 188.0 188.0 16.05262565612793
27 14.884146875000006 7825.0 0.5 0.034765625 0.0334375 2231.0 2231.0 2781.0 2781.0 219.0 219.0 16.612772464752197
28 14.88515312500001 7645.0 0.5 0.032890625 0.03390625 2023.0 2023.0 2566.0 2566.0 266.0 266.0 17.205052137374878
29 14.886162500000005 7648.0 0.5 0.03375 0.0321875 1638.0 1638.0 2173.0 2173.0 203.0 203.0 17.737059354782104
30 14.887456250000007 7711.0 0.5 0.033671875000000004 0.032421875 1399.0 1399.0 1889.0 1889.0 215.0 215.0 18.3840434551239
31 14.888734375000006 7656.0 0.5 0.03265625 0.033359375000000004 1264.0 1264.0 1776.0 1776.0 229.0 229.0 19.066440105438232
32 14.889815625000004 7750.0 0.5 0.035 0.0340625 1116.0 1116.0 1623.0 1623.0 255.0 255.0 19.615752935409546
33 14.890931250000008 7834.0 0.5 0.035703125 0.032109375 1016.0 1016.0 1543.0 1543.0 241.0 241.0 20.19265365600586
34 14.89206875 7556.0 0.5 0.033125 0.033125 803.0 803.0 1331.0 1331.0 212.0 212.0 20.787036418914795
35 14.892937500000002 7710.0 0.5 0.03484375 0.03328125 714.0 714.0 1296.0 1296.0 221.0 221.0 21.420432567596436
