#S 13577 ascan omega 14.8344 14.8744 40 0.5
#U p23user
#D Sun Jun 13 12:45:57 2021
#C Acquisition started at Sun Jun 13 12:45:57 2021
#O0 atten  attenpos  avg_beamcurrent  dcm_exitoffset  dcmbragg  diffractometer_h  diffractometer_k  diffractometer_l
#O1 gx  gy  gz  lmbd_compressionrate  lmbd_delaytime  lmbd_depth  lmbd_distortioncorrection  lmbd_energythreshold
#O2 lmbd_filestartnum  lmbd_framenumbers  lmbd_framesperfile  lmbd_height  lmbd_latestimagenumber  lmbd_shuttertime  lmbd_shuttertimemax  lmbd_shuttertimemin
#O3 lmbd_threadno  lmbd_totallossframes  lmbd_triggermode  lmbd_width  mnchrmtr  mono1roll  mono2par  mono2perp
#O4 mono2pitch  mono2roll  mono_height  monotrans  monoyaw  monoz1  monoz2  monoz3
#O5 ohsl1b  ohsl1h  ohsl1hgap  ohsl1l  ohsl1r  ohsl1t  ohsl1v  ohsl1vgap
#O6 ohsl2b  ohsl2h  ohsl2hgap  ohsl2l  ohsl2r  ohsl2t  ohsl2v  ohsl2vgap
#O7 phi  ps1v  ps1vg  ps2l  ps2r  ps2v  ps2vg  sl3b
#O8 sl3h  sl3hgap  sl3l  sl3r  sl3t  sl3v  sl3vgap  sl4b
#O9 sl4h  sl4hgap  sl4l  sl4r  sl4t  sl4v  sl4vgap  source_energy
#O10 und_en  undulator_gap  undulator_harmonic  undulator_phase  undulator_taper
#P0 1.0 0.0 94.51074981689453 20.7 23.486024389345808 1.000000721315906 4.924541351579129e-08 9.011840363677039e-05
#P1 -0.8900000000000006 -3.0 -0.71798828125 2 0.0 24 1 2300.0
#P2 0 1 1 516 -1 1000.0 2147483647.0 0.0
#P3 0 0 0 1556 4960.999964024738 0.0 25.970749999999995 11.221406249999998
#P4 0.06485081585081587 0.0295 3.906075 -21.0 -0.01 3.906075 3.9 3.9
#P5 19.95 0.60665 2.0 1.6066500000000001 -0.3933500000000001 22.95 21.45 3.0
#P6 19.45 -10.084000000000001 3.9999999999999964 -8.084000000000003 -12.084 23.450000000000003 21.450000000000003 4.0000000000000036
#P7 -0.160000000000025 0.38572000000000006 1.0 1.7031499999999995 0.4837600000000002 0.38651499999999994 0.8000000000000007 -0.09999999999999787
#P8 3.552713678800501e-15 0.20000000000000995 0.10000000000000853 -0.10000000000000142 0.09999999999999432 -1.7763568394002505e-15 0.19999999999999218 -2.043199999999999
#P9 -0.5645000000000024 4.0 1.4354999999999976 -2.5645000000000024 1.9567999999999977 -0.04320000000000057 3.9999999999999964 6.083441734313965
#P10 4910.97119140625 14.835000038146973 1 0.0 0.0
#N 13
#L Pt_No  omega  eh_c01  eh_t01  sl_mon_b_vol  sl_mon_t_vol  lmbd_countsroi1  lmbd_countsroi1_atten  lmbd_countsroi2  lmbd_countsroi2_atten  lmbd_countsroi3  lmbd_countsroi3_atten  dt
0 14.834796875000002 7848.0 0.5 0.03203125 0.033828125 201.0 201.0 1084.0 1084.0 276.0 276.0 0.525881290435791
1 14.835750000000004 7755.0 0.5 0.031875 0.0328125 241.0 241.0 945.0 945.0 203.0 203.0 1.0960497856140137
2 14.836862500000002 7752.0 0.5 0.03546875 0.032734375 278.0 278.0 1079.0 1079.0 217.0 217.0 1.6565146446228027
3 14.837965625000002 7908.0 0.5 0.035625000000000004 0.035703125 338.0 338.0 1156.0 1156.0 228.0 228.0 2.20782732963562
4 14.839062500000004 7960.0 0.5 0.034609375 0.034140625 404.0 404.0 1208.0 1208.0 207.0 207.0 2.8021671772003174
5 14.840146875000002 7888.0 0.5 0.0340625 0.03421875 501.0 501.0 1401.0 1401.0 224.0 224.0 3.3589723110198975
6 14.841228125000008 7947.0 0.5 0.034296875 0.0346875 606.0 606.0 1512.0 1512.0 234.0 234.0 3.9413304328918457
7 14.842431250000004 7873.0 0.5 0.032578125 0.03765625 835.0 835.0 1787.0 1787.0 217.0 217.0 4.563787460327148
8 14.843528125000006 7795.0 0.5 0.031328125 0.035390625 1008.0 1008.0 2141.0 2141.0 264.0 264.0 5.159332513809204
9 14.844709375000008 7726.0 0.5 0.0315625 0.03453125 1362.0 1362.0 2526.0 2526.0 257.0 257.0 5.755196809768677
10 14.845896875000001 7843.0 0.5 0.032578125 0.034453125 1828.0 1828.0 3125.0 3125.0 211.0 211.0 6.342308759689331
11 14.846896875000006 7814.0 0.5 0.033515625 0.034296875 2627.0 2627.0 4016.0 4016.0 213.0 213.0 6.915905714035034
12 14.848003125000005 7713.0 0.5 0.032265625 0.03515625 3965.0 3965.0 5483.0 5483.0 246.0 246.0 7.471933841705322
13 14.849103125000006 7995.0 0.5 0.031953125 0.035625000000000004 5552.0 5552.0 7057.0 7057.0 225.0 225.0 8.025203704833984
14 14.850225000000009 7834.0 0.5 0.031328125 0.035312500000000004 8779.0 8779.0 10265.0 10265.0 228.0 228.0 8.651238203048706
15 14.851515625000005 7941.0 0.5 0.031796875 0.033828125 15609.0 15609.0 16932.0 16932.0 236.0 236.0 9.2940514087677
16 14.852696875000007 7810.0 0.5 0.031640625 0.033515625 23264.0 23264.0 24317.0 24317.0 211.0 211.0 9.915491819381714
17 14.853896875000004 7946.0 0.5 0.03265625 0.035625000000000004 24249.0 24249.0 25020.0 25020.0 301.0 301.0 10.535498142242432
18 14.855103125000007 7791.0 0.5 0.031718750000000004 0.033125 17252.0 17252.0 17858.0 17858.0 215.0 215.0 11.175983190536499
19 14.856215625000011 7789.0 0.5 0.03109375 0.03390625 10624.0 10624.0 11134.0 11134.0 210.0 210.0 11.775499820709229
20 14.857306250000008 7861.0 0.5 0.033359375000000004 0.034609375 6420.0 6420.0 6965.0 6965.0 232.0 232.0 12.372164487838745
21 14.858525 7876.0 0.5 0.03296875 0.034765625 4454.0 4454.0 4897.0 4897.0 235.0 235.0 12.9580659866333
22 14.859762500000002 7773.0 0.5 0.0328125 0.031640625 3042.0 3042.0 3469.0 3469.0 233.0 233.0 13.593081712722778
23 14.860956250000008 7831.0 0.5 0.035937500000000004 0.0340625 2154.0 2154.0 2557.0 2557.0 247.0 247.0 14.215437889099121
24 14.862059375000008 7839.0 0.5 0.032109375 0.033671875000000004 1797.0 1797.0 2206.0 2206.0 241.0 241.0 14.831027269363403
25 14.863153125000004 7857.0 0.5 0.032421875 0.033125 1336.0 1336.0 1794.0 1794.0 228.0 228.0 15.425873517990112
26 14.864381250000001 7869.0 0.5 0.032109375 0.033515625 1133.0 1133.0 1523.0 1523.0 198.0 198.0 16.036794662475586
27 14.865418750000003 7841.0 0.5 0.03375 0.0340625 965.0 965.0 1368.0 1368.0 215.0 215.0 16.619372844696045
28 14.866831250000004 7733.0 0.5 0.032734375 0.035 819.0 819.0 1180.0 1180.0 224.0 224.0 17.290966987609863
29 14.867753125000007 7816.0 0.5 0.031796875 0.035390625 742.0 742.0 1050.0 1050.0 202.0 202.0 17.815020322799683
30 14.868965625000008 7820.0 0.5 0.032734375 0.033125 545.0 545.0 894.0 894.0 203.0 203.0 18.444069862365723
31 14.870246875000007 7801.0 0.5 0.035234375 0.035078125 480.0 480.0 773.0 773.0 235.0 235.0 19.095933198928833
32 14.871428125000008 7837.0 0.5 0.0321875 0.0328125 446.0 446.0 786.0 786.0 227.0 227.0 19.706366300582886
33 14.872621875 7981.0 0.5 0.03375 0.0328125 364.0 364.0 692.0 692.0 227.0 227.0 20.363879442214966
34 14.873665625000008 7664.0 0.5 0.0325 0.031875 339.0 339.0 728.0 728.0 256.0 256.0 21.012047290802002
