#S 13556 ascan omega 14.8999 14.9399 40 0.5
#U p23user
#D Sun Jun 13 12:32:19 2021
#C Acquisition started at Sun Jun 13 12:32:19 2021
#O0 atten  attenpos  avg_beamcurrent  dcm_exitoffset  dcmbragg  diffractometer_h  diffractometer_k  diffractometer_l
#O1 gx  gy  gz  lmbd_compressionrate  lmbd_delaytime  lmbd_depth  lmbd_distortioncorrection  lmbd_energythreshold
#O2 lmbd_filestartnum  lmbd_framenumbers  lmbd_framesperfile  lmbd_height  lmbd_latestimagenumber  lmbd_shuttertime  lmbd_shuttertimemax  lmbd_shuttertimemin
#O3 lmbd_threadno  lmbd_totallossframes  lmbd_triggermode  lmbd_width  mnchrmtr  mono1roll  mono2par  mono2perp
#O4 mono2pitch  mono2roll  mono_height  monotrans  monoyaw  monoz1  monoz2  monoz3
#O5 ohsl1b  ohsl1h  ohsl1hgap  ohsl1l  ohsl1r  ohsl1t  ohsl1v  ohsl1vgap
#O6 ohsl2b  ohsl2h  ohsl2hgap  ohsl2l  ohsl2r  ohsl2t  ohsl2v  ohsl2vgap
#O7 phi  ps1v  ps1vg  ps2l  ps2r  ps2v  ps2vg  sl3b
#O8 sl3h  sl3hgap  sl3l  sl3r  sl3t  sl3v  sl3vgap  sl4b
#O9 sl4h  sl4hgap  sl4l  sl4r  sl4t  sl4v  sl4vgap  source_energy
#O10 und_en  undulator_gap  undulator_harmonic  undulator_phase  undulator_taper
#P0 1.0 0.0 94.39019775390625 20.7 23.591908154585674 1.0000004385578007 4.924540910962651e-08 9.011840380131985e-05
#P1 -0.8900000000000006 -3.0 -0.71798828125 2 0.0 24 1 2300.0
#P2 0 1 1 516 -1 1000.0 2147483647.0 0.0
#P3 0 0 0 1556 4939.999234045885 0.0 25.860812499999994 11.23078125
#P4 0.06485081585081587 0.0295 3.906075 -21.0 -0.01 3.906075 3.9 3.9
#P5 19.95 0.60665 2.0 1.6066500000000001 -0.3933500000000001 22.95 21.45 3.0
#P6 19.45 -10.084000000000001 3.9999999999999964 -8.084000000000003 -12.084 23.450000000000003 21.450000000000003 4.0000000000000036
#P7 -0.160000000000025 0.38572000000000006 1.0 1.7031499999999995 0.4837600000000002 0.38651499999999994 0.8000000000000007 -0.09999999999999787
#P8 3.552713678800501e-15 0.20000000000000995 0.10000000000000853 -0.10000000000000142 0.09999999999999432 -1.7763568394002505e-15 0.19999999999999218 -2.043199999999999
#P9 -0.5645000000000024 4.0 1.4354999999999976 -2.5645000000000024 1.9567999999999977 -0.04320000000000057 3.9999999999999964 6.083441734313965
#P10 4890.15576171875 14.79800033569336 1 0.0 0.0
#N 13
#L Pt_No  omega  eh_c01  eh_t01  sl_mon_b_vol  sl_mon_t_vol  lmbd_countsroi1  lmbd_countsroi1_atten  lmbd_countsroi2  lmbd_countsroi2_atten  lmbd_countsroi3  lmbd_countsroi3_atten  dt
0 14.900287500000005 7399.0 0.5 0.0334375 0.0334375 2763.0 2763.0 10476.0 10476.0 205.0 205.0 0.5543005466461182
1 14.901446875000012 7226.0 0.5 0.0328125 0.035234375 3128.0 3128.0 11250.0 11250.0 193.0 193.0 1.1496295928955078
2 14.90247187500001 7334.0 0.5 0.033359375000000004 0.032421875 3849.0 3849.0 12375.0 12375.0 196.0 196.0 1.7075819969177246
3 14.903528125000008 7489.0 0.5 0.03359375 0.032421875 4894.0 4894.0 13827.0 13827.0 203.0 203.0 2.265657424926758
4 14.904671875000005 7262.0 0.5 0.0346875 0.0328125 5919.0 5919.0 15571.0 15571.0 188.0 188.0 2.874129056930542
5 14.905762500000002 7361.0 0.5 0.0328125 0.032734375 7315.0 7315.0 17825.0 17825.0 207.0 207.0 3.471618175506592
6 14.906962500000006 7413.0 0.5 0.032578125 0.031015625 9447.0 9447.0 20968.0 20968.0 177.0 177.0 4.093034267425537
7 14.908353125000005 7282.0 0.5 0.034140625 0.0334375 12984.0 12984.0 25770.0 25770.0 213.0 213.0 4.7963972091674805
8 14.909543750000005 7335.0 0.5 0.033984375000000004 0.033671875000000004 17565.0 17565.0 31590.0 31590.0 211.0 211.0 5.38372015953064
9 14.910728125000006 7330.0 0.5 0.033671875000000004 0.033359375000000004 24187.0 24187.0 39961.0 39961.0 189.0 189.0 6.012934684753418
10 14.91193125000001 7341.0 0.5 0.0321875 0.033515625 34848.0 34848.0 52982.0 52982.0 209.0 209.0 6.670163869857788
11 14.913131250000006 7348.0 0.5 0.035859375 0.03296875 54217.0 54217.0 74268.0 74268.0 201.0 201.0 7.301311254501343
12 14.914262500000007 7222.0 0.5 0.03421875 0.034140625 85779.0 85779.0 107729.0 107729.0 206.0 206.0 7.891248464584351
13 14.915465625000003 7268.0 0.5 0.032265625 0.03546875 144187.0 144187.0 166873.0 166873.0 207.0 207.0 8.513289451599121
14 14.916562500000005 7129.0 0.5 0.032578125 0.033046875 236266.0 236266.0 255374.0 255374.0 209.0 209.0 9.106045246124268
15 14.91775937500001 7321.0 0.5 0.033984375000000004 0.033046875 315573.0 315573.0 329845.0 329845.0 222.0 222.0 9.695773363113403
16 14.918768750000005 7327.0 0.5 0.033671875000000004 0.033203125 309759.0 309759.0 319305.0 319305.0 203.0 203.0 10.268781661987305
17 14.919962500000004 7423.0 0.5 0.033671875000000004 0.03484375 216695.0 216695.0 223736.0 223736.0 212.0 212.0 10.90080738067627
18 14.92127187500001 7282.0 0.5 0.032109375 0.033828125 130454.0 130454.0 136204.0 136204.0 217.0 217.0 11.545736312866211
19 14.922371875000003 7292.0 0.5 0.033828125 0.0346875 84617.0 84617.0 89639.0 89639.0 209.0 209.0 12.110337972640991
20 14.923565625000002 7343.0 0.5 0.032109375 0.0340625 55399.0 55399.0 59630.0 59630.0 201.0 201.0 12.782533407211304
21 14.924759375000008 7295.0 0.5 0.032890625 0.03375 39238.0 39238.0 42903.0 42903.0 211.0 211.0 13.39363694190979
22 14.925940625000003 7477.0 0.5 0.034375 0.034296875 29456.0 29456.0 32662.0 32662.0 265.0 265.0 13.99687933921814
23 14.927134375000009 7232.0 0.5 0.0328125 0.0334375 23196.0 23196.0 26215.0 26215.0 231.0 231.0 14.577491521835327
24 14.928131250000007 7264.0 0.5 0.034609375 0.0334375 18644.0 18644.0 21582.0 21582.0 215.0 215.0 15.173717975616455
25 14.929234375 7331.0 0.5 0.031953125 0.035234375 15632.0 15632.0 18119.0 18119.0 201.0 201.0 15.706778526306152
26 14.930425 7305.0 0.5 0.031640625 0.03296875 13049.0 13049.0 15543.0 15543.0 193.0 193.0 16.332176446914673
27 14.931512500000004 7271.0 0.5 0.033359375000000004 0.0340625 10891.0 10891.0 13146.0 13146.0 209.0 209.0 16.903698205947876
28 14.932606250000006 7195.0 0.5 0.03265625 0.03640625 9410.0 9410.0 11655.0 11655.0 223.0 223.0 17.472668409347534
29 14.933896875000002 7264.0 0.5 0.032734375 0.035390625 8330.0 8330.0 10450.0 10450.0 208.0 208.0 18.11158561706543
30 14.93489375 7432.0 0.5 0.0328125 0.0321875 7272.0 7272.0 9439.0 9439.0 215.0 215.0 18.671905517578125
31 14.936025 7284.0 0.5 0.034765625 0.032421875 6380.0 6380.0 8415.0 8415.0 213.0 213.0 19.26675271987915
32 14.937125000000009 7294.0 0.5 0.03421875 0.03359375 5503.0 5503.0 7673.0 7673.0 258.0 258.0 19.831985473632812
33 14.93813750000001 7206.0 0.5 0.03265625 0.034921875 5089.0 5089.0 7300.0 7300.0 204.0 204.0 20.37922215461731
34 14.939259374999999 7326.0 0.5 0.032890625 0.03484375 4247.0 4247.0 6403.0 6403.0 211.0 211.0 20.95677900314331
35 14.93992500000001 7286.0 0.5 0.03390625 0.032890625 4026.0 4026.0 6228.0 6228.0 202.0 202.0 21.544517278671265
