#S 13588 ascan omega 14.8003 14.8403 40 0.5
#U p23user
#D Sun Jun 13 12:53:03 2021
#C Acquisition started at Sun Jun 13 12:53:03 2021
#O0 atten  attenpos  avg_beamcurrent  dcm_exitoffset  dcmbragg  diffractometer_h  diffractometer_k  diffractometer_l
#O1 gx  gy  gz  lmbd_compressionrate  lmbd_delaytime  lmbd_depth  lmbd_distortioncorrection  lmbd_energythreshold
#O2 lmbd_filestartnum  lmbd_framenumbers  lmbd_framesperfile  lmbd_height  lmbd_latestimagenumber  lmbd_shuttertime  lmbd_shuttertimemax  lmbd_shuttertimemin
#O3 lmbd_threadno  lmbd_totallossframes  lmbd_triggermode  lmbd_width  mnchrmtr  mono1roll  mono2par  mono2perp
#O4 mono2pitch  mono2roll  mono_height  monotrans  monoyaw  monoz1  monoz2  monoz3
#O5 ohsl1b  ohsl1h  ohsl1hgap  ohsl1l  ohsl1r  ohsl1t  ohsl1v  ohsl1vgap
#O6 ohsl2b  ohsl2h  ohsl2hgap  ohsl2l  ohsl2r  ohsl2t  ohsl2v  ohsl2vgap
#O7 phi  ps1v  ps1vg  ps2l  ps2r  ps2v  ps2vg  sl3b
#O8 sl3h  sl3hgap  sl3l  sl3r  sl3t  sl3v  sl3vgap  sl4b
#O9 sl4h  sl4hgap  sl4l  sl4r  sl4t  sl4v  sl4vgap  source_energy
#O10 und_en  undulator_gap  undulator_harmonic  undulator_phase  undulator_taper
#P0 1.0 0.0 94.19469451904297 20.7 23.430957125628396 1.000000666770775 4.9245401611243036e-08 9.011839874035561e-05
#P1 -0.8900000000000006 -3.0 -0.71798828125 2 0.0 24 1 2300.0
#P2 0 1 1 516 -1 1000.0 2147483647.0 0.0
#P3 0 0 0 1556 4972.0009336249195 0.0 26.0283125 11.216562499999998
#P4 0.06485081585081587 0.0295 3.906075 -21.0 -0.01 3.906075 3.9 3.9
#P5 19.95 0.60665 2.0 1.6066500000000001 -0.3933500000000001 22.95 21.45 3.0
#P6 19.45 -10.084000000000001 3.9999999999999964 -8.084000000000003 -12.084 23.450000000000003 21.450000000000003 4.0000000000000036
#P7 -0.160000000000025 0.38572000000000006 1.0 1.7031499999999995 0.4837600000000002 0.38651499999999994 0.8000000000000007 -0.09999999999999787
#P8 3.552713678800501e-15 0.20000000000000995 0.10000000000000853 -0.10000000000000142 0.09999999999999432 -1.7763568394002505e-15 0.19999999999999218 -2.043199999999999
#P9 -0.5645000000000024 4.0 1.4354999999999976 -2.5645000000000024 1.9567999999999977 -0.04320000000000057 3.9999999999999964 6.083441734313965
#P10 4922.22705078125 14.854999542236328 1 0.0 0.0
#N 13
#L Pt_No  omega  eh_c01  eh_t01  sl_mon_b_vol  sl_mon_t_vol  lmbd_countsroi1  lmbd_countsroi1_atten  lmbd_countsroi2  lmbd_countsroi2_atten  lmbd_countsroi3  lmbd_countsroi3_atten  dt
0 14.800712500000003 8303.0 0.5 0.03640625 0.033046875 141.0 141.0 795.0 795.0 229.0 229.0 0.5537240505218506
1 14.801840625000004 8039.0 0.5 0.034453125 0.032734375 131.0 131.0 593.0 593.0 214.0 214.0 1.1469578742980957
2 14.802843750000008 8159.0 0.5 0.033828125 0.0340625 173.0 173.0 644.0 644.0 230.0 230.0 1.6971533298492432
3 14.804106250000004 8333.0 0.5 0.03453125 0.033515625 218.0 218.0 774.0 774.0 239.0 239.0 2.373302936553955
4 14.805309375000007 8253.0 0.5 0.03359375 0.03328125 260.0 260.0 853.0 853.0 231.0 231.0 2.936478614807129
5 14.806306250000006 8152.0 0.5 0.035234375 0.03453125 327.0 327.0 992.0 992.0 245.0 245.0 3.5341806411743164
6 14.807515625 8428.0 0.5 0.03453125 0.033046875 371.0 371.0 1007.0 1007.0 242.0 242.0 4.095077037811279
7 14.808721875000003 8089.0 0.5 0.035078125 0.03390625 480.0 480.0 1105.0 1105.0 263.0 263.0 4.7812700271606445
8 14.809934375000005 8078.0 0.5 0.033828125 0.034140625 657.0 657.0 1339.0 1339.0 239.0 239.0 5.380417585372925
9 14.811146875000006 8060.0 0.5 0.03453125 0.03515625 914.0 914.0 1646.0 1646.0 238.0 238.0 6.002693176269531
10 14.812371875000004 8286.0 0.5 0.033203125 0.033828125 1296.0 1296.0 2184.0 2184.0 224.0 224.0 6.645917177200317
11 14.813387500000005 8230.0 0.5 0.034296875 0.03296875 2142.0 2142.0 3182.0 3182.0 242.0 242.0 7.234803676605225
12 14.814590625000001 8176.0 0.5 0.033671875000000004 0.033203125 2945.0 2945.0 3899.0 3899.0 243.0 243.0 7.806199789047241
13 14.815781250000008 8226.0 0.5 0.035390625 0.031875 4534.0 4534.0 5404.0 5404.0 218.0 218.0 8.461218118667603
14 14.817012500000004 8197.0 0.5 0.034765625 0.035078125 7562.0 7562.0 8297.0 8297.0 231.0 231.0 9.073757410049438
15 14.818028125000005 8070.0 0.5 0.036015625 0.034921875 11549.0 11549.0 12220.0 12220.0 225.0 225.0 9.614248514175415
16 14.819231250000001 8175.0 0.5 0.033671875000000004 0.0340625 14417.0 14417.0 14933.0 14933.0 228.0 228.0 10.220645427703857
17 14.820334375000009 8259.0 0.5 0.03625 0.03484375 12030.0 12030.0 12563.0 12563.0 246.0 246.0 10.837578296661377
18 14.821428125000004 8124.0 0.5 0.035 0.03296875 8221.0 8221.0 8672.0 8672.0 262.0 262.0 11.41228175163269
19 14.822537500000003 8223.0 0.5 0.035 0.034609375 4977.0 4977.0 5480.0 5480.0 245.0 245.0 11.994889497756958
20 14.823653125 8252.0 0.5 0.033984375000000004 0.0328125 3359.0 3359.0 3785.0 3785.0 236.0 236.0 12.548190116882324
21 14.824846875000006 8035.0 0.5 0.0340625 0.033984375000000004 2236.0 2236.0 2664.0 2664.0 256.0 256.0 13.152582883834839
22 14.826031250000007 8078.0 0.5 0.03375 0.033125 1613.0 1613.0 1925.0 1925.0 234.0 234.0 13.801287412643433
23 14.827215625000008 8280.0 0.5 0.034453125 0.034921875 1178.0 1178.0 1515.0 1515.0 216.0 216.0 14.402893304824829
24 14.828203125000002 8228.0 0.5 0.03375 0.032578125 981.0 981.0 1356.0 1356.0 244.0 244.0 14.967110872268677
25 14.829396875 8252.0 0.5 0.03578125 0.034375 700.0 700.0 1056.0 1056.0 224.0 224.0 15.552821159362793
26 14.830390625 8074.0 0.5 0.035312500000000004 0.0346875 653.0 653.0 1015.0 1015.0 227.0 227.0 16.118735790252686
27 14.831593750000003 8073.0 0.5 0.033046875 0.03328125 540.0 540.0 832.0 832.0 238.0 238.0 16.684550285339355
28 14.832687500000006 8121.0 0.5 0.03609375 0.033125 445.0 445.0 727.0 727.0 213.0 213.0 17.29907774925232
29 14.8337875 8253.0 0.5 0.03453125 0.033359375000000004 402.0 402.0 739.0 739.0 220.0 220.0 17.89014768600464
30 14.835181250000005 8189.0 0.5 0.033203125 0.034609375 319.0 319.0 585.0 585.0 259.0 259.0 18.58883309364319
31 14.83618125000001 8238.0 0.5 0.034140625 0.034375 282.0 282.0 563.0 563.0 221.0 221.0 19.13515019416809
32 14.837384375000006 8220.0 0.5 0.034453125 0.03328125 274.0 274.0 570.0 570.0 213.0 213.0 19.723061323165894
33 14.838393750000009 8035.0 0.5 0.03328125 0.033046875 230.0 230.0 557.0 557.0 225.0 225.0 20.301880836486816
34 14.839653125000005 8226.0 0.5 0.036484375 0.03375 193.0 193.0 524.0 524.0 221.0 221.0 20.972985982894897
