#S 13536 ascan omega 14.9628 15.0028 40 0.5
#U p23user
#D Sun Jun 13 12:19:21 2021
#C Acquisition started at Sun Jun 13 12:19:21 2021
#O0 atten  attenpos  avg_beamcurrent  dcm_exitoffset  dcmbragg  diffractometer_h  diffractometer_k  diffractometer_l
#O1 gx  gy  gz  lmbd_compressionrate  lmbd_delaytime  lmbd_depth  lmbd_distortioncorrection  lmbd_energythreshold
#O2 lmbd_filestartnum  lmbd_framenumbers  lmbd_framesperfile  lmbd_height  lmbd_latestimagenumber  lmbd_shuttertime  lmbd_shuttertimemax  lmbd_shuttertimemin
#O3 lmbd_threadno  lmbd_totallossframes  lmbd_triggermode  lmbd_width  mnchrmtr  mono1roll  mono2par  mono2perp
#O4 mono2pitch  mono2roll  mono_height  monotrans  monoyaw  monoz1  monoz2  monoz3
#O5 ohsl1b  ohsl1h  ohsl1hgap  ohsl1l  ohsl1r  ohsl1t  ohsl1v  ohsl1vgap
#O6 ohsl2b  ohsl2h  ohsl2hgap  ohsl2l  ohsl2r  ohsl2t  ohsl2v  ohsl2vgap
#O7 phi  ps1v  ps1vg  ps2l  ps2r  ps2v  ps2vg  sl3b
#O8 sl3h  sl3hgap  sl3l  sl3r  sl3t  sl3v  sl3vgap  sl4b
#O9 sl4h  sl4hgap  sl4l  sl4r  sl4t  sl4v  sl4vgap  source_energy
#O10 und_en  undulator_gap  undulator_harmonic  undulator_phase  undulator_taper
#P0 1.0 0.0 94.18187713623047 20.7 23.693654343606187 1.00000214924441 4.433994807136402e-08 8.994583256783854e-05
#P1 -0.8900000000000006 -3.0 -0.71798828125 2 0.0 24 1 2300.0
#P2 0 1 1 516 -1 1000.0 2147483647.0 0.0
#P3 0 0 0 1556 4919.99885492119 0.0 25.756124999999997 11.2398125
#P4 0.06485081585081587 0.0295 3.906075 -21.0 -0.01 3.906075 3.9 3.9
#P5 19.95 0.60665 2.0 1.6066500000000001 -0.3933500000000001 22.95 21.45 3.0
#P6 19.45 -10.084000000000001 3.9999999999999964 -8.084000000000003 -12.084 23.450000000000003 21.450000000000003 4.0000000000000036
#P7 -0.160000000000025 0.38572000000000006 1.0 1.7031499999999995 0.4837600000000002 0.38651499999999994 0.8000000000000007 -0.09999999999999787
#P8 3.552713678800501e-15 0.20000000000000995 0.10000000000000853 -0.10000000000000142 0.09999999999999432 -1.7763568394002505e-15 0.19999999999999218 -2.043199999999999
#P9 -0.5645000000000024 4.0 1.4354999999999976 -2.5645000000000024 1.9567999999999977 -0.04320000000000057 3.9999999999999964 6.083441734313965
#P10 4869.9150390625 14.76200008392334 1 0.0 0.0
#N 13
#L Pt_No  omega  eh_c01  eh_t01  sl_mon_b_vol  sl_mon_t_vol  lmbd_countsroi1  lmbd_countsroi1_atten  lmbd_countsroi2  lmbd_countsroi2_atten  lmbd_countsroi3  lmbd_countsroi3_atten  dt
0 14.963234375000006 6951.0 0.5 0.033671875000000004 0.032109375 52.0 52.0 631.0 631.0 239.0 239.0 0.5230495929718018
1 14.964371875000005 6960.0 0.5 0.031875 0.034765625 36.0 36.0 242.0 242.0 186.0 186.0 1.137211561203003
2 14.965484375000003 6849.0 0.5 0.031875 0.031875 37.0 37.0 302.0 302.0 177.0 177.0 1.7500176429748535
3 14.966593750000001 6726.0 0.5 0.03390625 0.033515625 53.0 53.0 305.0 305.0 196.0 196.0 2.3193728923797607
4 14.967600000000004 6821.0 0.5 0.033203125 0.03359375 52.0 52.0 298.0 298.0 207.0 207.0 2.881042957305908
5 14.968790625000004 6867.0 0.5 0.032890625 0.033671875000000004 86.0 86.0 360.0 360.0 203.0 203.0 3.492706298828125
6 14.969984375000003 6981.0 0.5 0.03328125 0.03421875 101.0 101.0 358.0 358.0 183.0 183.0 4.077168703079224
7 14.970984375000008 6911.0 0.5 0.031953125 0.032578125 123.0 123.0 368.0 368.0 185.0 185.0 4.651364088058472
8 14.972087500000008 6996.0 0.5 0.034375 0.031328125 163.0 163.0 491.0 491.0 185.0 185.0 5.211179733276367
9 14.973196875000006 6930.0 0.5 0.03328125 0.030234375 208.0 208.0 542.0 542.0 209.0 209.0 5.78872537612915
10 14.974606250000008 6986.0 0.5 0.031875 0.032421875 302.0 302.0 679.0 679.0 187.0 187.0 6.4878089427948
11 14.975706250000002 7058.0 0.5 0.034765625 0.032890625 607.0 607.0 1112.0 1112.0 197.0 197.0 7.099151372909546
12 14.976800000000004 7092.0 0.5 0.03453125 0.033125 1018.0 1018.0 1661.0 1661.0 182.0 182.0 7.672351837158203
13 14.977993750000003 6993.0 0.5 0.035312500000000004 0.033046875 1188.0 1188.0 1693.0 1693.0 207.0 207.0 8.274539470672607
14 14.979181250000003 7182.0 0.5 0.033671875000000004 0.03 1452.0 1452.0 1939.0 1939.0 203.0 203.0 8.888474941253662
15 14.980365625000005 6801.0 0.5 0.03421875 0.031953125 2325.0 2325.0 2648.0 2648.0 190.0 190.0 9.530215978622437
16 14.981375 6967.0 0.5 0.031718750000000004 0.03328125 3405.0 3405.0 3746.0 3746.0 208.0 208.0 10.090564727783203
17 14.982531250000001 7024.0 0.5 0.0325 0.033203125 3539.0 3539.0 3868.0 3868.0 227.0 227.0 10.676183462142944
18 14.98375 7147.0 0.5 0.033828125 0.031015625 2460.0 2460.0 2755.0 2755.0 182.0 182.0 11.301806211471558
19 14.984946875000006 6935.0 0.5 0.03328125 0.032734375 1370.0 1370.0 1661.0 1661.0 185.0 185.0 11.928210258483887
20 14.986031250000003 7151.0 0.5 0.035390625 0.034609375 849.0 849.0 1111.0 1111.0 200.0 200.0 12.51377272605896
21 14.987228125000009 7076.0 0.5 0.034765625 0.032890625 538.0 538.0 763.0 763.0 190.0 190.0 13.133057355880737
22 14.988425000000007 6995.0 0.5 0.033046875 0.0328125 419.0 419.0 656.0 656.0 210.0 210.0 13.711493730545044
23 14.989512500000004 6962.0 0.5 0.035859375 0.031328125 291.0 291.0 545.0 545.0 181.0 181.0 14.321015119552612
24 14.990593750000002 6893.0 0.5 0.034296875 0.03296875 245.0 245.0 458.0 458.0 198.0 198.0 14.884726762771606
25 14.991775000000004 7019.0 0.5 0.0328125 0.03265625 193.0 193.0 424.0 424.0 222.0 222.0 15.467651605606079
26 14.992765625000004 7064.0 0.5 0.0334375 0.033046875 138.0 138.0 336.0 336.0 201.0 201.0 16.045146465301514
27 14.994150000000005 7096.0 0.5 0.03203125 0.031484375 112.0 112.0 310.0 310.0 179.0 179.0 16.701842784881592
28 14.995343750000004 6998.0 0.5 0.033828125 0.0303125 98.0 98.0 305.0 305.0 173.0 173.0 17.350857973098755
29 14.996356250000005 6999.0 0.5 0.033359375000000004 0.031406250000000004 96.0 96.0 285.0 285.0 222.0 222.0 17.90994668006897
30 14.99756875 7030.0 0.5 0.033828125 0.032109375 75.0 75.0 279.0 279.0 220.0 220.0 18.517040729522705
31 14.998993750000004 7016.0 0.5 0.03265625 0.035625000000000004 77.0 77.0 264.0 264.0 181.0 181.0 19.23285222053528
32 15.000078125000009 7020.0 0.5 0.03234375 0.034375 68.0 68.0 268.0 268.0 187.0 187.0 19.846985578536987
33 15.001353125000009 6913.0 0.5 0.034296875 0.032109375 60.0 60.0 225.0 225.0 189.0 189.0 20.468377113342285
34 15.002340625000002 6956.0 0.5 0.0334375 0.0321875 50.0 50.0 257.0 257.0 193.0 193.0 21.018850564956665
