#S 13592 ascan omega 14.7880 14.8280 40 0.5
#U p23user
#D Sun Jun 13 12:55:37 2021
#C Acquisition started at Sun Jun 13 12:55:37 2021
#O0 atten  attenpos  avg_beamcurrent  dcm_exitoffset  dcmbragg  diffractometer_h  diffractometer_k  diffractometer_l
#O1 gx  gy  gz  lmbd_compressionrate  lmbd_delaytime  lmbd_depth  lmbd_distortioncorrection  lmbd_energythreshold
#O2 lmbd_filestartnum  lmbd_framenumbers  lmbd_framesperfile  lmbd_height  lmbd_latestimagenumber  lmbd_shuttertime  lmbd_shuttertimemax  lmbd_shuttertimemin
#O3 lmbd_threadno  lmbd_totallossframes  lmbd_triggermode  lmbd_width  mnchrmtr  mono1roll  mono2par  mono2perp
#O4 mono2pitch  mono2roll  mono_height  monotrans  monoyaw  monoz1  monoz2  monoz3
#O5 ohsl1b  ohsl1h  ohsl1hgap  ohsl1l  ohsl1r  ohsl1t  ohsl1v  ohsl1vgap
#O6 ohsl2b  ohsl2h  ohsl2hgap  ohsl2l  ohsl2r  ohsl2t  ohsl2v  ohsl2vgap
#O7 phi  ps1v  ps1vg  ps2l  ps2r  ps2v  ps2vg  sl3b
#O8 sl3h  sl3hgap  sl3l  sl3r  sl3t  sl3v  sl3vgap  sl4b
#O9 sl4h  sl4hgap  sl4l  sl4r  sl4t  sl4v  sl4vgap  source_energy
#O10 und_en  undulator_gap  undulator_harmonic  undulator_phase  undulator_taper
#P0 1.0 0.0 94.26165008544922 20.7 23.411003238434034 1.000002130231827 4.433996415979294e-08 8.994586499412877e-05
#P1 -0.8900000000000006 -3.0 -0.71798828125 2 0.0 24 1 2300.0
#P2 0 1 1 516 -1 1000.0 2147483647.0 0.0
#P3 0 0 0 1556 4976.000147061326 0.0 26.049249999999986 11.214812499999997
#P4 0.06485081585081587 0.0295 3.906075 -21.0 -0.01 3.906075 3.9 3.9
#P5 19.95 0.60665 2.0 1.6066500000000001 -0.3933500000000001 22.95 21.45 3.0
#P6 19.45 -10.084000000000001 3.9999999999999964 -8.084000000000003 -12.084 23.450000000000003 21.450000000000003 4.0000000000000036
#P7 -0.160000000000025 0.38572000000000006 1.0 1.7031499999999995 0.4837600000000002 0.38651499999999994 0.8000000000000007 -0.09999999999999787
#P8 3.552713678800501e-15 0.20000000000000995 0.10000000000000853 -0.10000000000000142 0.09999999999999432 -1.7763568394002505e-15 0.19999999999999218 -2.043199999999999
#P9 -0.5645000000000024 4.0 1.4354999999999976 -2.5645000000000024 1.9567999999999977 -0.04320000000000057 3.9999999999999964 6.083469867706299
#P10 4926.16943359375 14.862000465393066 1 0.0 0.0
#N 13
#L Pt_No  omega  eh_c01  eh_t01  sl_mon_b_vol  sl_mon_t_vol  lmbd_countsroi1  lmbd_countsroi1_atten  lmbd_countsroi2  lmbd_countsroi2_atten  lmbd_countsroi3  lmbd_countsroi3_atten  dt
0 14.788378125000008 8140.0 0.5 0.03640625 0.036015625 60.0 60.0 582.0 582.0 222.0 222.0 0.5203046798706055
1 14.789325000000005 8201.0 0.5 0.03421875 0.035078125 59.0 59.0 384.0 384.0 222.0 222.0 1.0873069763183594
2 14.79053125 8088.0 0.5 0.0328125 0.03734375 75.0 75.0 393.0 393.0 242.0 242.0 1.6753177642822266
3 14.791750000000008 8251.0 0.5 0.033828125 0.035625000000000004 88.0 88.0 441.0 441.0 218.0 218.0 2.304306745529175
4 14.792846875000002 8175.0 0.5 0.032578125 0.03375 97.0 97.0 436.0 436.0 218.0 218.0 2.9184675216674805
5 14.793940625000005 8094.0 0.5 0.030859375 0.03484375 106.0 106.0 475.0 475.0 220.0 220.0 3.511720657348633
6 14.795134375000004 8398.0 0.5 0.032578125 0.035 158.0 158.0 585.0 585.0 231.0 231.0 4.111862421035767
7 14.796315625000005 8004.0 0.5 0.033671875000000004 0.034140625 234.0 234.0 636.0 636.0 237.0 237.0 4.759244680404663
8 14.797503125000006 8094.0 0.5 0.03296875 0.036875 353.0 353.0 871.0 871.0 240.0 240.0 5.352323770523071
9 14.798703125000003 8244.0 0.5 0.0365625 0.03453125 542.0 542.0 1153.0 1153.0 219.0 219.0 5.978356599807739
10 14.799896875000009 8281.0 0.5 0.03421875 0.0346875 929.0 929.0 1634.0 1634.0 217.0 217.0 6.651830196380615
11 14.801087500000008 8250.0 0.5 0.03328125 0.035 3021.0 3021.0 4331.0 4331.0 239.0 239.0 7.198961973190308
12 14.802287500000006 8106.0 0.5 0.033984375000000004 0.03453125 3668.0 3668.0 4926.0 4926.0 197.0 197.0 7.833816766738892
13 14.803300000000007 8172.0 0.5 0.033671875000000004 0.036953125 2479.0 2479.0 3149.0 3149.0 244.0 244.0 8.390722751617432
14 14.804321875000007 8059.0 0.5 0.03296875 0.035 2237.0 2237.0 2825.0 2825.0 244.0 244.0 8.935975313186646
15 14.805446875000008 8094.0 0.5 0.035078125 0.035 2944.0 2944.0 3365.0 3365.0 216.0 216.0 9.504634857177734
16 14.806559375000006 8285.0 0.5 0.033203125 0.034609375 3886.0 3886.0 4271.0 4271.0 230.0 230.0 10.121825218200684
17 14.807753125000005 8242.0 0.5 0.03296875 0.0346875 3475.0 3475.0 3756.0 3756.0 229.0 229.0 10.693486452102661
18 14.808953125000002 8217.0 0.5 0.03328125 0.035859375 2161.0 2161.0 2511.0 2511.0 241.0 241.0 11.37693452835083
19 14.810159375000005 8468.0 0.5 0.03359375 0.03296875 1286.0 1286.0 1585.0 1585.0 239.0 239.0 11.953947067260742
20 14.811365625000008 8213.0 0.5 0.032890625 0.035078125 823.0 823.0 1087.0 1087.0 248.0 248.0 12.57325553894043
21 14.812556250000007 8243.0 0.5 0.03265625 0.033515625 558.0 558.0 809.0 809.0 223.0 223.0 13.262612342834473
22 14.813746875000007 8431.0 0.5 0.033515625 0.035234375 413.0 413.0 657.0 657.0 221.0 221.0 13.844671964645386
23 14.814965625000006 8449.0 0.5 0.03328125 0.035234375 313.0 313.0 638.0 638.0 262.0 262.0 14.501768589019775
24 14.816171875000002 8318.0 0.5 0.032421875 0.035703125 267.0 267.0 611.0 611.0 229.0 229.0 15.082517385482788
25 14.817203124999999 8263.0 0.5 0.032890625 0.03453125 196.0 196.0 443.0 443.0 216.0 216.0 15.674535751342773
26 14.81840625000001 8069.0 0.5 0.032109375 0.03375 181.0 181.0 442.0 442.0 216.0 216.0 16.269222021102905
27 14.81942187500001 8307.0 0.5 0.032890625 0.034765625 121.0 121.0 370.0 370.0 260.0 260.0 16.845346212387085
28 14.820803125000005 8308.0 0.5 0.033984375000000004 0.034921875 118.0 118.0 357.0 357.0 237.0 237.0 17.51692032814026
29 14.822000000000003 8155.0 0.5 0.0334375 0.035312500000000004 108.0 108.0 423.0 423.0 236.0 236.0 18.134600162506104
30 14.823209375000005 8275.0 0.5 0.03484375 0.03328125 92.0 92.0 322.0 322.0 231.0 231.0 18.79556179046631
31 14.824396875000005 8097.0 0.5 0.035 0.033203125 94.0 94.0 324.0 324.0 234.0 234.0 19.41591787338257
32 14.825509375000003 8435.0 0.5 0.03296875 0.03328125 79.0 79.0 341.0 341.0 250.0 250.0 20.002848625183105
33 14.826721875000004 8203.0 0.5 0.0334375 0.034296875 72.0 72.0 307.0 307.0 238.0 238.0 20.62994074821472
34 14.827681250000005 8170.0 0.5 0.033046875 0.03421875 56.0 56.0 297.0 297.0 230.0 230.0 21.19594430923462
