#S 13566 ascan omega 14.8686 14.9086 40 0.5
#U p23user
#D Sun Jun 13 12:38:49 2021
#C Acquisition started at Sun Jun 13 12:38:49 2021
#O0 atten  attenpos  avg_beamcurrent  dcm_exitoffset  dcmbragg  diffractometer_h  diffractometer_k  diffractometer_l
#O1 gx  gy  gz  lmbd_compressionrate  lmbd_delaytime  lmbd_depth  lmbd_distortioncorrection  lmbd_energythreshold
#O2 lmbd_filestartnum  lmbd_framenumbers  lmbd_framesperfile  lmbd_height  lmbd_latestimagenumber  lmbd_shuttertime  lmbd_shuttertimemax  lmbd_shuttertimemin
#O3 lmbd_threadno  lmbd_totallossframes  lmbd_triggermode  lmbd_width  mnchrmtr  mono1roll  mono2par  mono2perp
#O4 mono2pitch  mono2roll  mono_height  monotrans  monoyaw  monoz1  monoz2  monoz3
#O5 ohsl1b  ohsl1h  ohsl1hgap  ohsl1l  ohsl1r  ohsl1t  ohsl1v  ohsl1vgap
#O6 ohsl2b  ohsl2h  ohsl2hgap  ohsl2l  ohsl2r  ohsl2t  ohsl2v  ohsl2vgap
#O7 phi  ps1v  ps1vg  ps2l  ps2r  ps2v  ps2vg  sl3b
#O8 sl3h  sl3hgap  sl3l  sl3r  sl3t  sl3v  sl3vgap  sl4b
#O9 sl4h  sl4hgap  sl4l  sl4r  sl4t  sl4v  sl4vgap  source_energy
#O10 und_en  undulator_gap  undulator_harmonic  undulator_phase  undulator_taper
#P0 1.0 0.0 94.02940368652344 20.7 23.54136432836809 1.0000000219480847 4.924537416903643e-08 9.01183405921796e-05
#P1 -0.8900000000000006 -3.0 -0.71798828125 2 0.0 24 1 2300.0
#P2 0 1 1 516 -1 1000.0 2147483647.0 0.0
#P3 0 0 0 1556 4950.000449940304 0.0 25.913124999999994 11.22628125
#P4 0.06485081585081587 0.0295 3.906075 -21.0 -0.01 3.906075 3.9 3.9
#P5 19.95 0.60665 2.0 1.6066500000000001 -0.3933500000000001 22.95 21.45 3.0
#P6 19.45 -10.084000000000001 3.9999999999999964 -8.084000000000003 -12.084 23.450000000000003 21.450000000000003 4.0000000000000036
#P7 -0.160000000000025 0.38572000000000006 1.0 1.7031499999999995 0.4837600000000002 0.38651499999999994 0.8000000000000007 -0.09999999999999787
#P8 3.552713678800501e-15 0.20000000000000995 0.10000000000000853 -0.10000000000000142 0.09999999999999432 -1.7763568394002505e-15 0.19999999999999218 -2.043199999999999
#P9 -0.5645000000000024 4.0 1.4354999999999976 -2.5645000000000024 1.9567999999999977 -0.04320000000000057 3.9999999999999964 6.083441734313965
#P10 4899.7177734375 14.8149995803833 1 0.0 0.0
#N 13
#L Pt_No  omega  eh_c01  eh_t01  sl_mon_b_vol  sl_mon_t_vol  lmbd_countsroi1  lmbd_countsroi1_atten  lmbd_countsroi2  lmbd_countsroi2_atten  lmbd_countsroi3  lmbd_countsroi3_atten  dt
0 14.869003125000006 7521.0 0.5 0.036328125 0.033984375000000004 1580.0 1580.0 5769.0 5769.0 233.0 233.0 0.5649378299713135
1 14.870321875000002 7649.0 0.5 0.03359375 0.03296875 1869.0 1869.0 6348.0 6348.0 215.0 215.0 1.2379798889160156
2 14.871312500000002 7575.0 0.5 0.03203125 0.033984375000000004 2190.0 2190.0 6940.0 6940.0 225.0 225.0 1.8071863651275635
3 14.872518750000005 7597.0 0.5 0.035078125 0.03359375 2784.0 2784.0 7682.0 7682.0 192.0 192.0 2.451597213745117
4 14.873728125000007 7526.0 0.5 0.03453125 0.033671875000000004 3599.0 3599.0 8758.0 8758.0 213.0 213.0 3.0382559299468994
5 14.874921875000005 7362.0 0.5 0.033984375000000004 0.032890625 4322.0 4322.0 9977.0 9977.0 216.0 216.0 3.667377471923828
6 14.876043750000001 7499.0 0.5 0.03375 0.033046875 5451.0 5451.0 11565.0 11565.0 233.0 233.0 4.252808332443237
7 14.877153125 7496.0 0.5 0.0325 0.03328125 6884.0 6884.0 13652.0 13652.0 200.0 200.0 4.836276531219482
8 14.878171875 7507.0 0.5 0.03421875 0.032578125 8817.0 8817.0 15915.0 15915.0 204.0 204.0 5.3978776931762695
9 14.879368750000005 7604.0 0.5 0.031953125 0.031484375 11446.0 11446.0 19461.0 19461.0 256.0 256.0 5.993578672409058
10 14.880471875000005 7499.0 0.5 0.033984375000000004 0.03390625 15979.0 15979.0 24787.0 24787.0 199.0 199.0 6.578395843505859
11 14.88158437500001 7466.0 0.5 0.034921875 0.03375 23168.0 23168.0 32792.0 32792.0 193.0 193.0 7.1789703369140625
12 14.8827 7483.0 0.5 0.034296875 0.033671875000000004 34161.0 34161.0 44150.0 44150.0 223.0 223.0 7.738255262374878
13 14.883825000000002 7554.0 0.5 0.033125 0.035 51820.0 51820.0 62366.0 62366.0 205.0 205.0 8.295810461044312
14 14.885037500000003 7697.0 0.5 0.03296875 0.033984375000000004 88298.0 88298.0 97536.0 97536.0 222.0 222.0 8.923368453979492
15 14.886028125000003 7430.0 0.5 0.034453125 0.03328125 141404.0 141404.0 148982.0 148982.0 219.0 219.0 9.514986515045166
16 14.88723125 7467.0 0.5 0.035390625 0.033515625 184377.0 184377.0 190147.0 190147.0 225.0 225.0 10.11249327659607
17 14.888443750000008 7446.0 0.5 0.03390625 0.03203125 168919.0 168919.0 173231.0 173231.0 235.0 235.0 10.767069101333618
18 14.889643750000005 7504.0 0.5 0.03265625 0.035 114277.0 114277.0 117984.0 117984.0 232.0 232.0 11.368448972702026
19 14.890831250000005 7489.0 0.5 0.033125 0.03421875 68867.0 68867.0 71897.0 71897.0 210.0 210.0 12.01188063621521
20 14.892040625 7384.0 0.5 0.033515625 0.034140625 45178.0 45178.0 47872.0 47872.0 197.0 197.0 12.60342788696289
21 14.893253125000001 7490.0 0.5 0.033125 0.034453125 28852.0 28852.0 31149.0 31149.0 230.0 230.0 13.27253794670105
22 14.894428125000005 7499.0 0.5 0.032578125 0.032265625 21700.0 21700.0 23792.0 23792.0 230.0 230.0 13.843756675720215
23 14.895575000000001 7503.0 0.5 0.034765625 0.032578125 16136.0 16136.0 18078.0 18078.0 211.0 211.0 14.468239545822144
24 14.89668125 7561.0 0.5 0.033984375000000004 0.032265625 12546.0 12546.0 14287.0 14287.0 245.0 245.0 15.076531171798706
25 14.897784375000008 7437.0 0.5 0.035703125 0.034765625 10388.0 10388.0 12036.0 12036.0 237.0 237.0 15.640056371688843
26 14.899075000000003 7467.0 0.5 0.033984375000000004 0.03375 8537.0 8537.0 9994.0 9994.0 214.0 214.0 16.27143669128418
27 14.900265625000003 7391.0 0.5 0.033203125 0.033046875 7018.0 7018.0 8456.0 8456.0 217.0 217.0 16.898175477981567
28 14.901446875000005 7472.0 0.5 0.0325 0.0334375 6017.0 6017.0 7397.0 7397.0 203.0 203.0 17.508498430252075
29 14.902628125000007 7620.0 0.5 0.034296875 0.03546875 5189.0 5189.0 6564.0 6564.0 190.0 190.0 18.142309188842773
30 14.90381875 7512.0 0.5 0.034296875 0.03375 4340.0 4340.0 5597.0 5597.0 228.0 228.0 18.788313388824463
31 14.905143750000008 7547.0 0.5 0.0325 0.035546875 3679.0 3679.0 4958.0 4958.0 212.0 212.0 19.48206639289856
32 14.90643750000001 7531.0 0.5 0.035 0.032578125 3218.0 3218.0 4510.0 4510.0 217.0 217.0 20.129555225372314
33 14.90745625000001 7552.0 0.5 0.03390625 0.032890625 2834.0 2834.0 4237.0 4237.0 226.0 226.0 20.703584909439087
34 14.908406250000006 7768.0 0.5 0.0334375 0.03359375 2599.0 2599.0 4054.0 4054.0 178.0 178.0 21.289044618606567
