#S 13583 ascan omega 14.8158 14.8558 40 0.5
#U p23user
#D Sun Jun 13 12:49:50 2021
#C Acquisition started at Sun Jun 13 12:49:50 2021
#O0 atten  attenpos  avg_beamcurrent  dcm_exitoffset  dcmbragg  diffractometer_h  diffractometer_k  diffractometer_l
#O1 gx  gy  gz  lmbd_compressionrate  lmbd_delaytime  lmbd_depth  lmbd_distortioncorrection  lmbd_energythreshold
#O2 lmbd_filestartnum  lmbd_framenumbers  lmbd_framesperfile  lmbd_height  lmbd_latestimagenumber  lmbd_shuttertime  lmbd_shuttertimemax  lmbd_shuttertimemin
#O3 lmbd_threadno  lmbd_totallossframes  lmbd_triggermode  lmbd_width  mnchrmtr  mono1roll  mono2par  mono2perp
#O4 mono2pitch  mono2roll  mono_height  monotrans  monoyaw  monoz1  monoz2  monoz3
#O5 ohsl1b  ohsl1h  ohsl1hgap  ohsl1l  ohsl1r  ohsl1t  ohsl1v  ohsl1vgap
#O6 ohsl2b  ohsl2h  ohsl2hgap  ohsl2l  ohsl2r  ohsl2t  ohsl2v  ohsl2vgap
#O7 phi  ps1v  ps1vg  ps2l  ps2r  ps2v  ps2vg  sl3b
#O8 sl3h  sl3hgap  sl3l  sl3r  sl3t  sl3v  sl3vgap  sl4b
#O9 sl4h  sl4hgap  sl4l  sl4r  sl4t  sl4v  sl4vgap  source_energy
#O10 und_en  undulator_gap  undulator_harmonic  undulator_phase  undulator_taper
#P0 1.0 0.0 94.43463897705078 20.7 23.45596379483476 1.0000013037591238 4.9245442348508375e-08 9.01184733512276e-05
#P1 -0.8900000000000006 -3.0 -0.71798828125 2 0.0 24 1 2300.0
#P2 0 1 1 516 -1 1000.0 2147483647.0 0.0
#P3 0 0 0 1556 4967.000273160586 0.0 26.002124999999992 11.218749999999998
#P4 0.06485081585081587 0.0295 3.906075 -21.0 -0.01 3.906075 3.9 3.9
#P5 19.95 0.60665 2.0 1.6066500000000001 -0.3933500000000001 22.95 21.45 3.0
#P6 19.45 -10.084000000000001 3.9999999999999964 -8.084000000000003 -12.084 23.450000000000003 21.450000000000003 4.0000000000000036
#P7 -0.160000000000025 0.38572000000000006 1.0 1.7031499999999995 0.4837600000000002 0.38651499999999994 0.8000000000000007 -0.09999999999999787
#P8 3.552713678800501e-15 0.20000000000000995 0.10000000000000853 -0.10000000000000142 0.09999999999999432 -1.7763568394002505e-15 0.19999999999999218 -2.043199999999999
#P9 -0.5645000000000024 4.0 1.4354999999999976 -2.5645000000000024 1.9567999999999977 -0.04320000000000057 3.9999999999999964 6.083441734313965
#P10 4917.162109375 14.845999717712402 1 0.0 0.0
#N 13
#L Pt_No  omega  eh_c01  eh_t01  sl_mon_b_vol  sl_mon_t_vol  lmbd_countsroi1  lmbd_countsroi1_atten  lmbd_countsroi2  lmbd_countsroi2_atten  lmbd_countsroi3  lmbd_countsroi3_atten  dt
0 14.81616875000001 7931.0 0.5 0.03359375 0.03546875 376.0 376.0 1670.0 1670.0 245.0 245.0 0.5337913036346436
1 14.817275000000002 7942.0 0.5 0.034140625 0.034921875 430.0 430.0 1600.0 1600.0 204.0 204.0 1.125244379043579
2 14.818262500000003 7982.0 0.5 0.031406250000000004 0.03578125 471.0 471.0 1637.0 1637.0 218.0 218.0 1.708740234375
3 14.819434375 7998.0 0.5 0.032578125 0.034140625 645.0 645.0 1994.0 1994.0 229.0 229.0 2.2910449504852295
4 14.820525000000004 7896.0 0.5 0.032890625 0.033515625 745.0 745.0 1968.0 1968.0 248.0 248.0 2.850454330444336
5 14.821631250000003 8080.0 0.5 0.035234375 0.034140625 854.0 854.0 2302.0 2302.0 220.0 220.0 3.4505367279052734
6 14.822731250000004 7907.0 0.5 0.03453125 0.031015625 1083.0 1083.0 2543.0 2543.0 253.0 253.0 4.008843898773193
7 14.823868750000003 7987.0 0.5 0.03328125 0.035234375 1404.0 1404.0 3116.0 3116.0 225.0 225.0 4.582438945770264
8 14.824890625000002 7829.0 0.5 0.031953125 0.034296875 1829.0 1829.0 3582.0 3582.0 237.0 237.0 5.174140453338623
9 14.826100000000011 8055.0 0.5 0.033203125 0.03546875 2503.0 2503.0 4414.0 4414.0 235.0 235.0 5.772677183151245
10 14.827225000000006 8090.0 0.5 0.032265625 0.0340625 3242.0 3242.0 5303.0 5303.0 259.0 259.0 6.3679211139678955
11 14.828328125000006 7983.0 0.5 0.03484375 0.03609375 4811.0 4811.0 7297.0 7297.0 231.0 231.0 6.962478399276733
12 14.829525000000004 7970.0 0.5 0.03265625 0.035859375 7308.0 7308.0 9896.0 9896.0 219.0 219.0 7.551903963088989
13 14.830853125000012 7946.0 0.5 0.034609375 0.036328125 11749.0 11749.0 14403.0 14403.0 228.0 228.0 8.262497663497925
14 14.831953125000005 8149.0 0.5 0.03390625 0.03390625 19070.0 19070.0 21469.0 21469.0 192.0 192.0 8.82225751876831
15 14.833256250000005 7990.0 0.5 0.03546875 0.033984375000000004 34349.0 34349.0 36167.0 36167.0 220.0 220.0 9.514589071273804
16 14.834546875000008 8139.0 0.5 0.03375 0.032578125 45070.0 45070.0 46536.0 46536.0 219.0 219.0 10.158725023269653
17 14.835734375000008 7965.0 0.5 0.0346875 0.03328125 38629.0 38629.0 39775.0 39775.0 231.0 231.0 10.803301334381104
18 14.837043750000007 8109.0 0.5 0.034296875 0.03546875 23210.0 23210.0 24112.0 24112.0 225.0 225.0 11.49691891670227
19 14.838234375000006 8140.0 0.5 0.0325 0.03515625 14077.0 14077.0 14967.0 14967.0 236.0 236.0 12.11793065071106
20 14.8393375 7965.0 0.5 0.031953125 0.03421875 9286.0 9286.0 10009.0 10009.0 211.0 211.0 12.696908473968506
21 14.840353125 8060.0 0.5 0.0346875 0.03546875 6434.0 6434.0 7112.0 7112.0 216.0 216.0 13.262011051177979
22 14.841546875000006 8112.0 0.5 0.03328125 0.03375 4698.0 4698.0 5354.0 5354.0 256.0 256.0 13.830079793930054
23 14.842537500000006 8062.0 0.5 0.032734375 0.0328125 3621.0 3621.0 4181.0 4181.0 222.0 222.0 14.387359380722046
24 14.843731250000005 8071.0 0.5 0.03296875 0.032890625 2819.0 2819.0 3300.0 3300.0 214.0 214.0 15.002206325531006
25 14.844837500000004 8054.0 0.5 0.032734375 0.0340625 2248.0 2248.0 2791.0 2791.0 209.0 209.0 15.58985686302185
26 14.845959375 8127.0 0.5 0.0328125 0.033828125 1867.0 1867.0 2402.0 2402.0 231.0 231.0 16.174950122833252
27 14.847353125000005 8049.0 0.5 0.033203125 0.0334375 1530.0 1530.0 2005.0 2005.0 234.0 234.0 16.885775566101074
28 14.848443750000001 7935.0 0.5 0.03453125 0.03453125 1344.0 1344.0 1810.0 1810.0 245.0 245.0 17.45890760421753
29 14.84954062500001 7853.0 0.5 0.0346875 0.03359375 1220.0 1220.0 1811.0 1811.0 228.0 228.0 18.026931047439575
30 14.850543750000007 7995.0 0.5 0.033515625 0.034453125 1039.0 1039.0 1468.0 1468.0 268.0 268.0 18.570083618164062
31 14.851740625000005 8242.0 0.5 0.035078125 0.03421875 922.0 922.0 1337.0 1337.0 230.0 230.0 19.177315711975098
32 14.852743750000002 8092.0 0.5 0.035234375 0.03328125 786.0 786.0 1228.0 1228.0 233.0 233.0 19.720849990844727
33 14.853928125000003 8038.0 0.5 0.033203125 0.03390625 704.0 704.0 1154.0 1154.0 238.0 238.0 20.32588243484497
34 14.855106250000006 8156.0 0.5 0.03328125 0.03640625 608.0 608.0 1089.0 1089.0 208.0 208.0 20.931766271591187
35 14.855843750000005 7999.0 0.5 0.034140625 0.03296875 562.0 562.0 1074.0 1074.0 220.0 220.0 21.506959915161133
