#S 13585 ascan omega 14.8096 14.8496 40 0.5
#U p23user
#D Sun Jun 13 12:51:07 2021
#C Acquisition started at Sun Jun 13 12:51:07 2021
#O0 atten  attenpos  avg_beamcurrent  dcm_exitoffset  dcmbragg  diffractometer_h  diffractometer_k  diffractometer_l
#O1 gx  gy  gz  lmbd_compressionrate  lmbd_delaytime  lmbd_depth  lmbd_distortioncorrection  lmbd_energythreshold
#O2 lmbd_filestartnum  lmbd_framenumbers  lmbd_framesperfile  lmbd_height  lmbd_latestimagenumber  lmbd_shuttertime  lmbd_shuttertimemax  lmbd_shuttertimemin
#O3 lmbd_threadno  lmbd_totallossframes  lmbd_triggermode  lmbd_width  mnchrmtr  mono1roll  mono2par  mono2perp
#O4 mono2pitch  mono2roll  mono_height  monotrans  monoyaw  monoz1  monoz2  monoz3
#O5 ohsl1b  ohsl1h  ohsl1hgap  ohsl1l  ohsl1r  ohsl1t  ohsl1v  ohsl1vgap
#O6 ohsl2b  ohsl2h  ohsl2hgap  ohsl2l  ohsl2r  ohsl2t  ohsl2v  ohsl2vgap
#O7 phi  ps1v  ps1vg  ps2l  ps2r  ps2v  ps2vg  sl3b
#O8 sl3h  sl3hgap  sl3l  sl3r  sl3t  sl3v  sl3vgap  sl4b
#O9 sl4h  sl4hgap  sl4l  sl4r  sl4t  sl4v  sl4vgap  source_energy
#O10 und_en  undulator_gap  undulator_harmonic  undulator_phase  undulator_taper
#P0 1.0 0.0 94.05873107910156 20.7 23.445949694225384 1.0000006466615503 4.924541475317274e-08 9.011842275660111e-05
#P1 -0.8900000000000006 -3.0 -0.71798828125 2 0.0 24 1 2300.0
#P2 0 1 1 516 -1 1000.0 2147483647.0 0.0
#P3 0 0 0 1556 4968.999329784064 0.0 26.012625 11.217875
#P4 0.06485081585081587 0.0295 3.906075 -21.0 -0.01 3.906075 3.9 3.9
#P5 19.95 0.60665 2.0 1.6066500000000001 -0.3933500000000001 22.95 21.45 3.0
#P6 19.45 -10.084000000000001 3.9999999999999964 -8.084000000000003 -12.084 23.450000000000003 21.450000000000003 4.0000000000000036
#P7 -0.160000000000025 0.38572000000000006 1.0 1.7031499999999995 0.4837600000000002 0.38651499999999994 0.8000000000000007 -0.09999999999999787
#P8 3.552713678800501e-15 0.20000000000000995 0.10000000000000853 -0.10000000000000142 0.09999999999999432 -1.7763568394002505e-15 0.19999999999999218 -2.043199999999999
#P9 -0.5645000000000024 4.0 1.4354999999999976 -2.5645000000000024 1.9567999999999977 -0.04320000000000057 3.9999999999999964 6.083498001098633
#P10 4918.85009765625 14.848999977111816 1 0.0 0.0
#N 13
#L Pt_No  omega  eh_c01  eh_t01  sl_mon_b_vol  sl_mon_t_vol  lmbd_countsroi1  lmbd_countsroi1_atten  lmbd_countsroi2  lmbd_countsroi2_atten  lmbd_countsroi3  lmbd_countsroi3_atten  dt
0 14.809993750000004 7900.0 0.5 0.032109375 0.035312500000000004 286.0 286.0 1538.0 1538.0 270.0 270.0 0.5353429317474365
1 14.811031250000006 8124.0 0.5 0.033125 0.0334375 326.0 326.0 1225.0 1225.0 216.0 216.0 1.1165971755981445
2 14.812131250000007 7991.0 0.5 0.03234375 0.034609375 364.0 364.0 1341.0 1341.0 236.0 236.0 1.717299461364746
3 14.813325000000006 8185.0 0.5 0.035703125 0.03625 507.0 507.0 1552.0 1552.0 223.0 223.0 2.328761339187622
4 14.814496875000003 7914.0 0.5 0.033515625 0.0334375 619.0 619.0 1713.0 1713.0 219.0 219.0 2.9100303649902344
5 14.815684375000004 7994.0 0.5 0.033203125 0.035 723.0 723.0 1851.0 1851.0 217.0 217.0 3.508692741394043
6 14.816778125000006 8065.0 0.5 0.033984375000000004 0.0321875 900.0 900.0 2169.0 2169.0 214.0 214.0 4.121694564819336
7 14.817868750000002 8095.0 0.5 0.03265625 0.035234375 1161.0 1161.0 2458.0 2458.0 228.0 228.0 4.691633462905884
8 14.818971875000003 8072.0 0.5 0.0325 0.0340625 1544.0 1544.0 2941.0 2941.0 228.0 228.0 5.2646098136901855
9 14.8200875 8157.0 0.5 0.03421875 0.03296875 2164.0 2164.0 3699.0 3699.0 214.0 214.0 5.839949607849121
10 14.821093750000003 8213.0 0.5 0.033828125 0.03328125 2792.0 2792.0 4582.0 4582.0 245.0 245.0 6.404085397720337
11 14.822306250000011 8127.0 0.5 0.033359375000000004 0.032421875 4141.0 4141.0 6086.0 6086.0 242.0 242.0 7.008494853973389
12 14.823446875000002 8305.0 0.5 0.0340625 0.033203125 6273.0 6273.0 8343.0 8343.0 253.0 253.0 7.607561826705933
13 14.824868750000007 8114.0 0.5 0.033671875000000004 0.03359375 10173.0 10173.0 12165.0 12165.0 245.0 245.0 8.354858160018921
14 14.826000000000008 8200.0 0.5 0.034453125 0.034609375 17035.0 17035.0 18840.0 18840.0 262.0 262.0 8.951189756393433
15 14.827118750000004 8168.0 0.5 0.034375 0.033203125 27001.0 27001.0 28505.0 28505.0 213.0 213.0 9.535384178161621
16 14.828159375000006 8147.0 0.5 0.033828125 0.0328125 34598.0 34598.0 35797.0 35797.0 222.0 222.0 10.09428358078003
17 14.829287500000007 7963.0 0.5 0.034765625 0.0328125 32055.0 32055.0 33041.0 33041.0 237.0 237.0 10.669601917266846
18 14.830378125000003 8190.0 0.5 0.03484375 0.03375 22412.0 22412.0 23346.0 23346.0 242.0 242.0 11.231262683868408
19 14.831456250000002 8191.0 0.5 0.034375 0.035234375 14110.0 14110.0 14926.0 14926.0 222.0 222.0 11.81157660484314
20 14.832650000000001 7969.0 0.5 0.03484375 0.035390625 8415.0 8415.0 9056.0 9056.0 231.0 231.0 12.450581312179565
21 14.83385937500001 8097.0 0.5 0.032265625 0.0334375 5483.0 5483.0 6116.0 6116.0 230.0 230.0 13.086622476577759
22 14.835078125000003 8127.0 0.5 0.0346875 0.033984375000000004 3925.0 3925.0 4459.0 4459.0 218.0 218.0 13.67464542388916
23 14.836306250000007 7982.0 0.5 0.033125 0.03546875 2893.0 2893.0 3366.0 3366.0 254.0 254.0 14.289313077926636
24 14.837521875 8156.0 0.5 0.033203125 0.03359375 2341.0 2341.0 2784.0 2784.0 215.0 215.0 14.932005167007446
25 14.838712500000007 8007.0 0.5 0.033828125 0.03203125 1843.0 1843.0 2299.0 2299.0 210.0 210.0 15.555094003677368
26 14.839906250000006 8263.0 0.5 0.035 0.034375 1400.0 1400.0 1813.0 1813.0 219.0 219.0 16.226553201675415
27 14.840996875000009 8097.0 0.5 0.031718750000000004 0.034609375 1242.0 1242.0 1704.0 1704.0 246.0 246.0 16.784507989883423
28 14.842093750000004 8029.0 0.5 0.03671875 0.036484375 1026.0 1026.0 1455.0 1455.0 212.0 212.0 17.363442182540894
29 14.843203125000002 8173.0 0.5 0.0325 0.03359375 927.0 927.0 1371.0 1371.0 239.0 239.0 17.935927867889404
30 14.844315625000007 8087.0 0.5 0.03578125 0.036484375 840.0 840.0 1272.0 1272.0 217.0 217.0 18.494242906570435
31 14.845306250000007 8210.0 0.5 0.034921875 0.032109375 692.0 692.0 1096.0 1096.0 234.0 234.0 19.074244499206543
32 14.846703125000005 8145.0 0.5 0.034296875 0.0340625 615.0 615.0 985.0 985.0 251.0 251.0 19.75135064125061
33 14.84789687500001 8307.0 0.5 0.035546875 0.033203125 537.0 537.0 955.0 955.0 219.0 219.0 20.39852476119995
34 14.849093750000002 8002.0 0.5 0.03375 0.0328125 450.0 450.0 866.0 866.0 242.0 242.0 20.980159044265747
