#S 14992 ascan omega 45.0644 45.1144 50 1.2
#U p23user
#D Tue Jun 15 00:58:09 2021
#C Acquisition started at Tue Jun 15 00:58:09 2021
#O0 atten  attenpos  avg_beamcurrent  dcm_exitoffset  dcmbragg  diffractometer_h  diffractometer_k  diffractometer_l
#O1 gx  gy  gz  lmbd_compressionrate  lmbd_delaytime  lmbd_depth  lmbd_distortioncorrection  lmbd_energythreshold
#O2 lmbd_filestartnum  lmbd_framenumbers  lmbd_framesperfile  lmbd_height  lmbd_latestimagenumber  lmbd_shuttertime  lmbd_shuttertimemax  lmbd_shuttertimemin
#O3 lmbd_threadno  lmbd_totallossframes  lmbd_triggermode  lmbd_width  mnchrmtr  mono1roll  mono2par  mono2perp
#O4 mono2pitch  mono2roll  mono_height  monotrans  monoyaw  monoz1  monoz2  monoz3
#O5 ohsl1b  ohsl1h  ohsl1hgap  ohsl1l  ohsl1r  ohsl1t  ohsl1v  ohsl1vgap
#O6 ohsl2b  ohsl2h  ohsl2hgap  ohsl2l  ohsl2r  ohsl2t  ohsl2v  ohsl2vgap
#O7 phi  ps1v  ps1vg  ps2l  ps2r  ps2v  ps2vg  sl3b
#O8 sl3h  sl3hgap  sl3l  sl3r  sl3t  sl3v  sl3vgap  sl4b
#O9 sl4h  sl4hgap  sl4l  sl4r  sl4t  sl4v  sl4vgap  source_energy
#O10 und_en  undulator_gap  undulator_harmonic  undulator_phase  undulator_taper
#P0 1.0 0.0 94.28608703613281 20.7 23.516182163734904 1.002900718063138 0.000989742913701626 4.005382821779175
#P1 -0.8900000000000006 -2.6999999999999993 -0.71798828125 2 0.0 24 1 3000.0
#P2 3 1 1 516 -1 1000.0 2147483647.0 0.0
#P3 0 0 0 1556 4955.000914901518 0.0 25.9393125 11.224062499999999
#P4 0.06355011655011666 0.0295 3.906075 -21.0 -0.01 3.906075 3.9 3.9
#P5 19.95 0.60665 2.0 1.6066500000000001 -0.3933500000000001 22.95 21.45 3.0
#P6 19.45 -10.084000000000001 3.9999999999999964 -8.084000000000003 -12.084 23.450000000000003 21.450000000000003 4.0000000000000036
#P7 92.4975 0.38572000000000006 1.0 1.7031499999999995 0.4837600000000002 0.38651499999999994 0.8000000000000007 -0.09999999999999787
#P8 3.552713678800501e-15 0.20000000000000995 0.10000000000000853 -0.10000000000000142 0.09999999999999432 -1.7763568394002505e-15 0.19999999999999218 -2.043199999999999
#P9 -0.5645000000000024 4.0 1.4354999999999976 -2.5645000000000024 1.9567999999999977 -0.04320000000000057 3.9999999999999964 6.083441734313965
#P10 4904.78173828125 14.824000358581543 1 0.0 0.0
#N 13
#L Pt_No  omega  eh_c01  eh_t01  sl_mon_b_vol  sl_mon_t_vol  lmbd_countsroi1  lmbd_countsroi1_atten  lmbd_countsroi2  lmbd_countsroi2_atten  lmbd_countsroi3  lmbd_countsroi3_atten  dt
0 45.064834375000004 16169.0 1.2 0.03578125 0.03453125 10534.0 10534.0 35889.0 35889.0 88104.0 88104.0 1.2352869510650635
1 45.06581250000001 16138.0 1.2 0.034921875 0.0390625 11672.0 11672.0 38448.0 38448.0 89255.0 89255.0 2.4607138633728027
2 45.066871875000004 16046.0 1.2 0.03609375 0.036328125 12836.0 12836.0 41461.0 41461.0 93172.0 93172.0 3.7620978355407715
3 45.067937500000006 16175.0 1.2 0.0375 0.03796875 14462.0 14462.0 45192.0 45192.0 95741.0 95741.0 5.060678958892822
4 45.06903125000001 16391.0 1.2 0.034765625 0.035937500000000004 16223.0 16223.0 49298.0 49298.0 100010.0 100010.0 6.33761191368103
5 45.070121875000005 16384.0 1.2 0.03484375 0.036796875 18626.0 18626.0 54694.0 54694.0 105503.0 105503.0 7.66638708114624
6 45.0712125 16334.0 1.2 0.0375 0.03875 22172.0 22172.0 60275.0 60275.0 111470.0 111470.0 8.984534740447998
7 45.072228125 16368.0 1.2 0.036328125 0.037578125000000004 26716.0 26716.0 68255.0 68255.0 118940.0 118940.0 10.278172969818115
8 45.073321875000005 16305.0 1.2 0.03359375 0.03671875 32317.0 32317.0 76566.0 76566.0 127317.0 127317.0 11.557998895645142
9 45.07449687500001 16270.0 1.2 0.0375 0.03765625 41814.0 41814.0 89342.0 89342.0 140687.0 140687.0 12.977656126022339
10 45.075590625000004 16508.0 1.2 0.0365625 0.03609375 54023.0 54023.0 104903.0 104903.0 155956.0 155956.0 14.290806293487549
11 45.076740625 16260.0 1.2 0.037109375 0.035859375 71875.0 71875.0 127461.0 127461.0 179222.0 179222.0 15.710813283920288
12 45.077881250000004 16104.0 1.2 0.035078125 0.03671875 97033.0 97033.0 159484.0 159484.0 211079.0 211079.0 17.107710361480713
13 45.078978125000006 16599.0 1.2 0.03796875 0.036015625 134541.0 134541.0 207340.0 207340.0 259071.0 259071.0 18.409088611602783
14 45.080031250000005 16252.0 1.2 0.03765625 0.036328125 192966.0 192966.0 282958.0 282958.0 335278.0 335278.0 19.70793604850769
15 45.0810875 16225.0 1.2 0.036640625 0.035546875 289706.0 289706.0 407287.0 407287.0 460310.0 460310.0 20.953572750091553
16 45.082156250000004 16589.0 1.2 0.035937500000000004 0.035390625 464543.0 464543.0 631674.0 631674.0 685652.0 685652.0 22.279302835464478
17 45.083296875 16356.0 1.2 0.03765625 0.038125 731337.0 731337.0 970762.0 970762.0 1026143.0 1026143.0 23.63275122642517
18 45.0844 16648.0 1.2 0.03640625 0.035703125 1005540.0 1005540.0 1316044.0 1316044.0 1373455.0 1373455.0 24.971139430999756
19 45.085509375 16212.0 1.2 0.03703125 0.036640625 1210797.0 1210797.0 1577049.0 1577049.0 1635029.0 1635029.0 26.3275408744812
20 45.086609375 16447.0 1.2 0.036796875 0.036171875 1315576.0 1315576.0 1722055.0 1722055.0 1780607.0 1780607.0 27.658101320266724
21 45.087706250000004 16197.0 1.2 0.036171875 0.036015625 1353070.0 1353070.0 1782997.0 1782997.0 1841301.0 1841301.0 29.009019136428833
22 45.088800000000006 16318.0 1.2 0.03734375 0.03515625 1259314.0 1259314.0 1684091.0 1684091.0 1742081.0 1742081.0 30.30096197128296
23 45.089859375 16376.0 1.2 0.03578125 0.037890625000000004 989079.0 989079.0 1353085.0 1353085.0 1408715.0 1408715.0 31.606866598129272
24 45.09091562500001 16497.0 1.2 0.035234375 0.03578125 622231.0 622231.0 880330.0 880330.0 934278.0 934278.0 32.924944162368774
25 45.091978125000004 16182.0 1.2 0.036484375 0.037890625000000004 366243.0 366243.0 539594.0 539594.0 591386.0 591386.0 34.189865827560425
26 45.09304062500001 16460.0 1.2 0.035390625 0.036640625 224747.0 224747.0 348192.0 348192.0 400034.0 400034.0 35.451433420181274
27 45.09411250000001 16229.0 1.2 0.03640625 0.03640625 148407.0 148407.0 244114.0 244114.0 294804.0 294804.0 36.76512122154236
28 45.095171875000005 16381.0 1.2 0.03609375 0.037109375 104659.0 104659.0 182696.0 182696.0 233728.0 233728.0 38.08319330215454
29 45.096278125000005 16243.0 1.2 0.037265625000000004 0.035390625 75887.0 75887.0 142548.0 142548.0 193033.0 193033.0 39.374247550964355
30 45.097381250000005 16539.0 1.2 0.036328125 0.036484375 55665.0 55665.0 115548.0 115548.0 166901.0 166901.0 40.71504783630371
31 45.09847500000001 16429.0 1.2 0.03421875 0.037265625000000004 41619.0 41619.0 95984.0 95984.0 147020.0 147020.0 42.08413887023926
32 45.099571875 16241.0 1.2 0.036875 0.03609375 31714.0 31714.0 81522.0 81522.0 132909.0 132909.0 43.39546060562134
33 45.10075625 16688.0 1.2 0.03765625 0.035390625 24630.0 24630.0 69780.0 69780.0 121576.0 121576.0 44.80770444869995
34 45.101759375 16424.0 1.2 0.03546875 0.03546875 20712.0 20712.0 61738.0 61738.0 112946.0 112946.0 46.072487592697144
35 45.10285937500001 16365.0 1.2 0.0384375 0.03703125 17694.0 17694.0 54922.0 54922.0 106069.0 106069.0 47.374711990356445
36 45.103925000000004 16377.0 1.2 0.03625 0.036875 15372.0 15372.0 49611.0 49611.0 100813.0 100813.0 48.66184163093567
37 45.10498750000001 16378.0 1.2 0.0375 0.036171875 13640.0 13640.0 44838.0 44838.0 96225.0 96225.0 49.96021866798401
38 45.106053125 16299.0 1.2 0.037734375 0.037578125000000004 12006.0 12006.0 40864.0 40864.0 92230.0 92230.0 51.25884938240051
39 45.107125 16142.0 1.2 0.035859375 0.035390625 10874.0 10874.0 37986.0 37986.0 89841.0 89841.0 52.554996490478516
40 45.10824062500001 16237.0 1.2 0.03453125 0.03640625 9560.0 9560.0 34605.0 34605.0 86398.0 86398.0 53.87366533279419
41 45.10926250000001 16435.0 1.2 0.036640625 0.03703125 8735.0 8735.0 32734.0 32734.0 83850.0 83850.0 55.13471508026123
42 45.110287500000005 16427.0 1.2 0.0378125 0.037421875 7964.0 7964.0 30045.0 30045.0 81037.0 81037.0 56.3992280960083
43 45.111359375000006 16088.0 1.2 0.035703125 0.035 7364.0 7364.0 28030.0 28030.0 79190.0 79190.0 57.66904664039612
44 45.112425 16355.0 1.2 0.035312500000000004 0.036640625 6654.0 6654.0 26555.0 26555.0 77360.0 77360.0 58.949296951293945
45 45.11348125000001 16332.0 1.2 0.03765625 0.0346875 6042.0 6042.0 24751.0 24751.0 75877.0 75877.0 60.250935554504395
46 45.114000000000004 16116.0 1.2 0.034296875 0.037578125000000004 5901.0 5901.0 24534.0 24534.0 76214.0 76214.0 61.53693914413452
